1 1 191
1 2 190
1 3 189
1 4 188
1 5 187
1 6 186
1 7 185
1 8 184
1 9 183
1 10 182
1 11 181
1 12 180
1 13 179
1 14 178
1 15 177
1 16 176
1 17 175
1 18 174
1 19 173
1 20 172
1 21 171
1 22 170
1 23 169
1 24 168
1 25 167
1 26 166
1 27 165
1 28 164
1 29 163
1 30 162
1 31 161
1 32 160
1 33 159
1 34 158
1 35 157
1 36 156
1 37 155
1 38 154
1 39 153
1 40 152
1 41 151
1 42 150
1 43 149
1 44 148
1 45 147
1 46 146
1 47 145
1 48 144
1 49 143
1 50 142
1 51 141
1 52 140
1 53 139
1 54 138
1 55 137
1 56 136
1 57 135
1 58 134
1 59 133
1 60 132
1 61 131
1 62 130
1 63 129
1 64 128
1 65 127
1 66 126
1 67 125
1 68 124
1 69 123
1 70 122
1 71 121
1 72 120
1 73 119
1 74 118
1 75 117
1 76 116
1 77 115
1 78 114
1 79 113
1 80 112
1 81 111
1 82 110
1 83 109
1 84 108
1 85 107
1 86 106
1 87 105
1 88 104
1 89 103
1 90 102
1 91 101
1 92 100
1 93 99
1 94 98
1 95 97
1 96 96
1 97 95
1 98 94
1 99 93
1 100 92
1 101 91
1 102 90
1 103 89
1 104 88
1 105 87
1 106 86
1 107 85
1 108 84
1 109 83
1 110 82
1 111 81
1 112 80
1 113 79
1 114 78
1 115 77
1 116 76
1 117 75
1 118 74
1 119 73
1 120 72
1 121 71
1 122 70
1 123 69
1 124 68
1 125 67
1 126 66
1 127 65
1 128 64
1 129 63
1 130 62
1 131 61
1 132 60
1 133 59
1 134 58
1 135 57
1 136 56
1 137 55
1 138 54
1 139 53
1 140 52
1 141 51
1 142 50
1 143 49
1 144 48
1 145 47
1 146 46
1 147 45
1 148 44
1 149 43
1 150 42
1 151 41
1 152 40
1 153 39
1 154 38
1 155 37
1 156 36
1 157 35
1 158 34
1 159 33
1 160 32
1 161 31
1 162 30
1 163 29
1 164 28
1 165 27
1 166 26
1 167 25
1 168 24
1 169 23
1 170 22
1 171 21
1 172 20
1 173 19
1 174 18
1 175 17
1 176 16
1 177 15
1 178 14
1 179 13
1 180 12
1 181 11
1 182 10
1 183 9
1 184 8
1 185 7
1 186 6
1 187 5
1 188 4
1 189 3
1 190 2
1 191 1
1 192 0
3 1 178
3 2 177
3 3 176
3 4 175
3 5 174
3 6 173
3 7 172
3 8 171
3 9 170
3 10 169
3 11 168
3 12 167
3 13 166
3 14 165
3 15 164
3 16 163
3 17 162
3 18 161
3 19 160
3 20 159
3 21 158
3 22 157
3 23 156
3 24 155
3 25 154
3 26 153
3 27 152
3 28 151
3 29 150
3 30 149
3 31 148
3 32 147
3 33 146
3 34 145
3 35 144
3 36 143
3 37 142
3 38 141
3 39 140
3 40 139
3 41 138
3 42 137
3 43 136
3 44 135
3 45 134
3 46 133
3 47 132
3 48 131
3 49 130
3 50 129
3 51 128
3 52 127
3 53 126
3 54 125
3 55 124
3 56 123
3 57 122
3 58 121
3 59 120
3 60 119
3 61 118
3 62 117
3 63 116
3 64 115
3 65 114
3 66 113
3 67 112
3 68 111
3 69 110
3 70 109
3 71 108
3 72 107
3 73 106
3 74 105
3 75 104
3 76 103
3 77 102
3 78 101
3 79 100
3 80 99
3 81 98
3 82 97
3 83 96
3 84 95
3 85 94
3 86 93
3 87 92
3 88 91
3 89 90
3 90 89
3 91 88
3 92 87
3 93 86
3 94 85
3 95 84
3 96 83
3 97 82
3 98 81
3 99 80
3 100 79
3 101 78
3 102 77
3 103 76
3 104 75
3 105 74
3 106 73
3 107 72
3 108 71
3 109 70
3 110 69
3 111 68
3 112 67
3 113 66
3 114 65
3 115 64
3 116 63
3 117 62
3 118 61
3 119 60
3 120 59
3 121 58
3 122 57
3 123 56
3 124 55
3 125 54
3 126 53
3 127 52
3 128 51
3 129 50
3 130 49
3 131 48
3 132 47
3 133 46
3 134 45
3 135 44
3 136 43
3 137 42
3 138 41
3 139 40
3 140 39
3 141 38
3 142 37
3 143 36
3 144 35
3 145 34
3 146 33
3 147 32
3 148 31
3 149 30
3 150 29
3 151 28
3 152 27
3 153 26
3 154 25
3 155 24
3 156 23
3 157 22
3 158 21
3 159 20
3 160 19
3 161 18
3 162 17
3 163 16
3 164 15
3 165 14
3 166 13
3 167 12
3 168 11
3 169 10
3 170 9
3 171 8
3 172 7
3 173 6
3 174 5
3 175 4
3 176 3
3 177 2
3 178 1
3 179 0
4 1 188
4 2 187
4 3 186
4 4 185
4 5 184
4 6 183
4 7 182
4 8 181
4 9 180
4 10 179
4 11 178
4 12 177
4 13 176
4 14 175
4 15 174
4 16 173
4 17 172
4 18 171
4 19 170
4 20 169
4 21 168
4 22 167
4 23 166
4 24 165
4 25 164
4 26 163
4 27 162
4 28 161
4 29 160
4 30 159
4 31 158
4 32 157
4 33 156
4 34 155
4 35 154
4 36 153
4 37 152
4 38 151
4 39 150
4 40 149
4 41 148
4 42 147
4 43 146
4 44 145
4 45 144
4 46 143
4 47 142
4 48 141
4 49 140
4 50 139
4 51 138
4 52 137
4 53 136
4 54 135
4 55 134
4 56 133
4 57 132
4 58 131
4 59 130
4 60 129
4 61 128
4 62 127
4 63 126
4 64 125
4 65 124
4 66 123
4 67 122
4 68 121
4 69 120
4 70 119
4 71 118
4 72 117
4 73 116
4 74 115
4 75 114
4 76 113
4 77 112
4 78 111
4 79 110
4 80 109
4 81 108
4 82 107
4 83 106
4 84 105
4 85 104
4 86 103
4 87 102
4 88 101
4 89 100
4 90 99
4 91 98
4 92 97
4 93 96
4 94 95
4 95 94
4 96 93
4 97 92
4 98 91
4 99 90
4 100 89
4 101 88
4 102 87
4 103 86
4 104 85
4 105 84
4 106 83
4 107 82
4 108 81
4 109 80
4 110 79
4 111 78
4 112 77
4 113 76
4 114 75
4 115 74
4 116 73
4 117 72
4 118 71
4 119 70
4 120 69
4 121 68
4 122 67
4 123 66
4 124 65
4 125 64
4 126 63
4 127 62
4 128 61
4 129 60
4 130 59
4 131 58
4 132 57
4 133 56
4 134 55
4 135 54
4 136 53
4 137 52
4 138 51
4 139 50
4 140 49
4 141 48
4 142 47
4 143 46
4 144 45
4 145 44
4 146 43
4 147 42
4 148 41
4 149 40
4 150 39
4 151 38
4 152 37
4 153 36
4 154 35
4 155 34
4 156 33
4 157 32
4 158 31
4 159 30
4 160 29
4 161 28
4 162 27
4 163 26
4 164 25
4 165 24
4 166 23
4 167 22
4 168 21
4 169 20
4 170 19
4 171 18
4 172 17
4 173 16
4 174 15
4 175 14
4 176 13
4 177 12
4 178 11
4 179 10
4 180 9
4 181 8
4 182 7
4 183 6
4 184 5
4 185 4
4 186 3
4 187 2
4 188 1
4 189 0
6 1 187
6 2 186
6 3 185
6 4 184
6 5 183
6 6 182
6 7 181
6 8 180
6 9 179
6 10 178
6 11 177
6 12 176
6 13 175
6 14 174
6 15 173
6 16 172
6 17 171
6 18 170
6 19 169
6 20 168
6 21 167
6 22 166
6 23 165
6 24 164
6 25 163
6 26 162
6 27 161
6 28 160
6 29 159
6 30 158
6 31 157
6 32 156
6 33 155
6 34 154
6 35 153
6 36 152
6 37 151
6 38 150
6 39 149
6 40 148
6 41 147
6 42 146
6 43 145
6 44 144
6 45 143
6 46 142
6 47 141
6 48 140
6 49 139
6 50 138
6 51 137
6 52 136
6 53 135
6 54 134
6 55 133
6 56 132
6 57 131
6 58 130
6 59 129
6 60 128
6 61 127
6 62 126
6 63 125
6 64 124
6 65 123
6 66 122
6 67 121
6 68 120
6 69 119
6 70 118
6 71 117
6 72 116
6 73 115
6 74 114
6 75 113
6 76 112
6 77 111
6 78 110
6 79 109
6 80 108
6 81 107
6 82 106
6 83 105
6 84 104
6 85 103
6 86 102
6 87 101
6 88 100
6 89 99
6 90 98
6 91 97
6 92 96
6 93 95
6 94 94
6 95 93
6 96 92
6 97 91
6 98 90
6 99 89
6 100 88
6 101 87
6 102 86
6 103 85
6 104 84
6 105 83
6 106 82
6 107 81
6 108 80
6 109 79
6 110 78
6 111 77
6 112 76
6 113 75
6 114 74
6 115 73
6 116 72
6 117 71
6 118 70
6 119 69
6 120 68
6 121 67
6 122 66
6 123 65
6 124 64
6 125 63
6 126 62
6 127 61
6 128 60
6 129 59
6 130 58
6 131 57
6 132 56
6 133 55
6 134 54
6 135 53
6 136 52
6 137 51
6 138 50
6 139 49
6 140 48
6 141 47
6 142 46
6 143 45
6 144 44
6 145 43
6 146 42
6 147 41
6 148 40
6 149 39
6 150 38
6 151 37
6 152 36
6 153 35
6 154 34
6 155 33
6 156 32
6 157 31
6 158 30
6 159 29
6 160 28
6 161 27
6 162 26
6 163 25
6 164 24
6 165 23
6 166 22
6 167 21
6 168 20
6 169 19
6 170 18
6 171 17
6 172 16
6 173 15
6 174 14
6 175 13
6 176 12
6 177 11
6 178 10
6 179 9
6 180 8
6 181 7
6 182 6
6 183 5
6 184 4
6 185 3
6 186 2
6 187 1
6 188 0
8 1 149
8 2 148
8 3 147
8 4 146
8 5 145
8 6 144
8 7 143
8 8 142
8 9 141
8 10 140
8 11 139
8 12 138
8 13 137
8 14 136
8 15 135
8 16 134
8 17 133
8 18 132
8 19 131
8 20 130
8 21 129
8 22 128
8 23 127
8 24 126
8 25 125
8 26 124
8 27 123
8 28 122
8 29 121
8 30 120
8 31 119
8 32 118
8 33 117
8 34 116
8 35 115
8 36 114
8 37 113
8 38 112
8 39 111
8 40 110
8 41 109
8 42 108
8 43 107
8 44 106
8 45 105
8 46 104
8 47 103
8 48 102
8 49 101
8 50 100
8 51 99
8 52 98
8 53 97
8 54 96
8 55 95
8 56 94
8 57 93
8 58 92
8 59 91
8 60 90
8 61 89
8 62 88
8 63 87
8 64 86
8 65 85
8 66 84
8 67 83
8 68 82
8 69 81
8 70 80
8 71 79
8 72 78
8 73 77
8 74 76
8 75 75
8 76 74
8 77 73
8 78 72
8 79 71
8 80 70
8 81 69
8 82 68
8 83 67
8 84 66
8 85 65
8 86 64
8 87 63
8 88 62
8 89 61
8 90 60
8 91 59
8 92 58
8 93 57
8 94 56
8 95 55
8 96 54
8 97 53
8 98 52
8 99 51
8 100 50
8 101 49
8 102 48
8 103 47
8 104 46
8 105 45
8 106 44
8 107 43
8 108 42
8 109 41
8 110 40
8 111 39
8 112 38
8 113 37
8 114 36
8 115 35
8 116 34
8 117 33
8 118 32
8 119 31
8 120 30
8 121 29
8 122 28
8 123 27
8 124 26
8 125 25
8 126 24
8 127 23
8 128 22
8 129 21
8 130 20
8 131 19
8 132 18
8 133 17
8 134 16
8 135 15
8 136 14
8 137 13
8 138 12
8 139 11
8 140 10
8 141 9
8 142 8
8 143 7
8 144 6
8 145 5
8 146 4
8 147 3
8 148 2
8 149 1
8 150 0
9 1 200
9 2 199
9 3 198
9 4 197
9 5 196
9 6 195
9 7 194
9 8 193
9 9 192
9 10 191
9 11 190
9 12 189
9 13 188
9 14 187
9 15 186
9 16 185
9 17 184
9 18 183
9 19 182
9 20 181
9 21 180
9 22 179
9 23 178
9 24 177
9 25 176
9 26 175
9 27 174
9 28 173
9 29 172
9 30 171
9 31 170
9 32 169
9 33 168
9 34 167
9 35 166
9 36 165
9 37 164
9 38 163
9 39 162
9 40 161
9 41 160
9 42 159
9 43 158
9 44 157
9 45 156
9 46 155
9 47 154
9 48 153
9 49 152
9 50 151
9 51 150
9 52 149
9 53 148
9 54 147
9 55 146
9 56 145
9 57 144
9 58 143
9 59 142
9 60 141
9 61 140
9 62 139
9 63 138
9 64 137
9 65 136
9 66 135
9 67 134
9 68 133
9 69 132
9 70 131
9 71 130
9 72 129
9 73 128
9 74 127
9 75 126
9 76 125
9 77 124
9 78 123
9 79 122
9 80 121
9 81 120
9 82 119
9 83 118
9 84 117
9 85 116
9 86 115
9 87 114
9 88 113
9 89 112
9 90 111
9 91 110
9 92 109
9 93 108
9 94 107
9 95 106
9 96 105
9 97 104
9 98 103
9 99 102
9 100 101
9 101 100
9 102 99
9 103 98
9 104 97
9 105 96
9 106 95
9 107 94
9 108 93
9 109 92
9 110 91
9 111 90
9 112 89
9 113 88
9 114 87
9 115 86
9 116 85
9 117 84
9 118 83
9 119 82
9 120 81
9 121 80
9 122 79
9 123 78
9 124 77
9 125 76
9 126 75
9 127 74
9 128 73
9 129 72
9 130 71
9 131 70
9 132 69
9 133 68
9 134 67
9 135 66
9 136 65
9 137 64
9 138 63
9 139 62
9 140 61
9 141 60
9 142 59
9 143 58
9 144 57
9 145 56
9 146 55
9 147 54
9 148 53
9 149 52
9 150 51
9 151 50
9 152 49
9 153 48
9 154 47
9 155 46
9 156 45
9 157 44
9 158 43
9 159 42
9 160 41
9 161 40
9 162 39
9 163 38
9 164 37
9 165 36
9 166 35
9 167 34
9 168 33
9 169 32
9 170 31
9 171 30
9 172 29
9 173 28
9 174 27
9 175 26
9 176 25
9 177 24
9 178 23
9 179 22
9 180 21
9 181 20
9 182 19
9 183 18
9 184 17
9 185 16
9 186 15
9 187 14
9 188 13
9 189 12
9 190 11
9 191 10
9 192 9
9 193 8
9 194 7
9 195 6
9 196 5
9 197 4
9 198 3
9 199 2
9 200 1
9 201 0
12 1 169
12 2 168
12 3 167
12 4 166
12 5 165
12 6 164
12 7 163
12 8 162
12 9 161
12 10 160
12 11 159
12 12 158
12 13 157
12 14 156
12 15 155
12 16 154
12 17 153
12 18 152
12 19 151
12 20 150
12 21 149
12 22 148
12 23 147
12 24 146
12 25 145
12 26 144
12 27 143
12 28 142
12 29 141
12 30 140
12 31 139
12 32 138
12 33 137
12 34 136
12 35 135
12 36 134
12 37 133
12 38 132
12 39 131
12 40 130
12 41 129
12 42 128
12 43 127
12 44 126
12 45 125
12 46 124
12 47 123
12 48 122
12 49 121
12 50 120
12 51 119
12 52 118
12 53 117
12 54 116
12 55 115
12 56 114
12 57 113
12 58 112
12 59 111
12 60 110
12 61 109
12 62 108
12 63 107
12 64 106
12 65 105
12 66 104
12 67 103
12 68 102
12 69 101
12 70 100
12 71 99
12 72 98
12 73 97
12 74 96
12 75 95
12 76 94
12 77 93
12 78 92
12 79 91
12 80 90
12 81 89
12 82 88
12 83 87
12 84 86
12 85 85
12 86 84
12 87 83
12 88 82
12 89 81
12 90 80
12 91 79
12 92 78
12 93 77
12 94 76
12 95 75
12 96 74
12 97 73
12 98 72
12 99 71
12 100 70
12 101 69
12 102 68
12 103 67
12 104 66
12 105 65
12 106 64
12 107 63
12 108 62
12 109 61
12 110 60
12 111 59
12 112 58
12 113 57
12 114 56
12 115 55
12 116 54
12 117 53
12 118 52
12 119 51
12 120 50
12 121 49
12 122 48
12 123 47
12 124 46
12 125 45
12 126 44
12 127 43
12 128 42
12 129 41
12 130 40
12 131 39
12 132 38
12 133 37
12 134 36
12 135 35
12 136 34
12 137 33
12 138 32
12 139 31
12 140 30
12 141 29
12 142 28
12 143 27
12 144 26
12 145 25
12 146 24
12 147 23
12 148 22
12 149 21
12 150 20
12 151 19
12 152 18
12 153 17
12 154 16
12 155 15
12 156 14
12 157 13
12 158 12
12 159 11
12 160 10
12 161 9
12 162 8
12 163 7
12 164 6
12 165 5
12 166 4
12 167 3
12 168 2
12 169 1
12 170 0
13 1 162
13 2 161
13 3 160
13 4 159
13 5 158
13 6 157
13 7 156
13 8 155
13 9 154
13 10 153
13 11 152
13 12 151
13 13 150
13 14 149
13 15 148
13 16 147
13 17 146
13 18 145
13 19 144
13 20 143
13 21 142
13 22 141
13 23 140
13 24 139
13 25 138
13 26 137
13 27 136
13 28 135
13 29 134
13 30 133
13 31 132
13 32 131
13 33 130
13 34 129
13 35 128
13 36 127
13 37 126
13 38 125
13 39 124
13 40 123
13 41 122
13 42 121
13 43 120
13 44 119
13 45 118
13 46 117
13 47 116
13 48 115
13 49 114
13 50 113
13 51 112
13 52 111
13 53 110
13 54 109
13 55 108
13 56 107
13 57 106
13 58 105
13 59 104
13 60 103
13 61 102
13 62 101
13 63 100
13 64 99
13 65 98
13 66 97
13 67 96
13 68 95
13 69 94
13 70 93
13 71 92
13 72 91
13 73 90
13 74 89
13 75 88
13 76 87
13 77 86
13 78 85
13 79 84
13 80 83
13 81 82
13 82 81
13 83 80
13 84 79
13 85 78
13 86 77
13 87 76
13 88 75
13 89 74
13 90 73
13 91 72
13 92 71
13 93 70
13 94 69
13 95 68
13 96 67
13 97 66
13 98 65
13 99 64
13 100 63
13 101 62
13 102 61
13 103 60
13 104 59
13 105 58
13 106 57
13 107 56
13 108 55
13 109 54
13 110 53
13 111 52
13 112 51
13 113 50
13 114 49
13 115 48
13 116 47
13 117 46
13 118 45
13 119 44
13 120 43
13 121 42
13 122 41
13 123 40
13 124 39
13 125 38
13 126 37
13 127 36
13 128 35
13 129 34
13 130 33
13 131 32
13 132 31
13 133 30
13 134 29
13 135 28
13 136 27
13 137 26
13 138 25
13 139 24
13 140 23
13 141 22
13 142 21
13 143 20
13 144 19
13 145 18
13 146 17
13 147 16
13 148 15
13 149 14
13 150 13
13 151 12
13 152 11
13 153 10
13 154 9
13 155 8
13 156 7
13 157 6
13 158 5
13 159 4
13 160 3
13 161 2
13 162 1
13 163 0
14 1 179
14 2 178
14 3 177
14 4 176
14 5 175
14 6 174
14 7 173
14 8 172
14 9 171
14 10 170
14 11 169
14 12 168
14 13 167
14 14 166
14 15 165
14 16 164
14 17 163
14 18 162
14 19 161
14 20 160
14 21 159
14 22 158
14 23 157
14 24 156
14 25 155
14 26 154
14 27 153
14 28 152
14 29 151
14 30 150
14 31 149
14 32 148
14 33 147
14 34 146
14 35 145
14 36 144
14 37 143
14 38 142
14 39 141
14 40 140
14 41 139
14 42 138
14 43 137
14 44 136
14 45 135
14 46 134
14 47 133
14 48 132
14 49 131
14 50 130
14 51 129
14 52 128
14 53 127
14 54 126
14 55 125
14 56 124
14 57 123
14 58 122
14 59 121
14 60 120
14 61 119
14 62 118
14 63 117
14 64 116
14 65 115
14 66 114
14 67 113
14 68 112
14 69 111
14 70 110
14 71 109
14 72 108
14 73 107
14 74 106
14 75 105
14 76 104
14 77 103
14 78 102
14 79 101
14 80 100
14 81 99
14 82 98
14 83 97
14 84 96
14 85 95
14 86 94
14 87 93
14 88 92
14 89 91
14 90 90
14 91 89
14 92 88
14 93 87
14 94 86
14 95 85
14 96 84
14 97 83
14 98 82
14 99 81
14 100 80
14 101 79
14 102 78
14 103 77
14 104 76
14 105 75
14 106 74
14 107 73
14 108 72
14 109 71
14 110 70
14 111 69
14 112 68
14 113 67
14 114 66
14 115 65
14 116 64
14 117 63
14 118 62
14 119 61
14 120 60
14 121 59
14 122 58
14 123 57
14 124 56
14 125 55
14 126 54
14 127 53
14 128 52
14 129 51
14 130 50
14 131 49
14 132 48
14 133 47
14 134 46
14 135 45
14 136 44
14 137 43
14 138 42
14 139 41
14 140 40
14 141 39
14 142 38
14 143 37
14 144 36
14 145 35
14 146 34
14 147 33
14 148 32
14 149 31
14 150 30
14 151 29
14 152 28
14 153 27
14 154 26
14 155 25
14 156 24
14 157 23
14 158 22
14 159 21
14 160 20
14 161 19
14 162 18
14 163 17
14 164 16
14 165 15
14 166 14
14 167 13
14 168 12
14 169 11
14 170 10
14 171 9
14 172 8
14 173 7
14 174 6
14 175 5
14 176 4
14 177 3
14 178 2
14 179 1
14 180 0
18 1 194
18 2 193
18 3 192
18 4 191
18 5 190
18 6 189
18 7 188
18 8 187
18 9 186
18 10 185
18 11 184
18 12 183
18 13 182
18 14 181
18 15 180
18 16 179
18 17 178
18 18 177
18 19 176
18 20 175
18 21 174
18 22 173
18 23 172
18 24 171
18 25 170
18 26 169
18 27 168
18 28 167
18 29 166
18 30 165
18 31 164
18 32 163
18 33 162
18 34 161
18 35 160
18 36 159
18 37 158
18 38 157
18 39 156
18 40 155
18 41 154
18 42 153
18 43 152
18 44 151
18 45 150
18 46 149
18 47 148
18 48 147
18 49 146
18 50 145
18 51 144
18 52 143
18 53 142
18 54 141
18 55 140
18 56 139
18 57 138
18 58 137
18 59 136
18 60 135
18 61 134
18 62 133
18 63 132
18 64 131
18 65 130
18 66 129
18 67 128
18 68 127
18 69 126
18 70 125
18 71 124
18 72 123
18 73 122
18 74 121
18 75 120
18 76 119
18 77 118
18 78 117
18 79 116
18 80 115
18 81 114
18 82 113
18 83 112
18 84 111
18 85 110
18 86 109
18 87 108
18 88 107
18 89 106
18 90 105
18 91 104
18 92 103
18 93 102
18 94 101
18 95 100
18 96 99
18 97 98
18 98 97
18 99 96
18 100 95
18 101 94
18 102 93
18 103 92
18 104 91
18 105 90
18 106 89
18 107 88
18 108 87
18 109 86
18 110 85
18 111 84
18 112 83
18 113 82
18 114 81
18 115 80
18 116 79
18 117 78
18 118 77
18 119 76
18 120 75
18 121 74
18 122 73
18 123 72
18 124 71
18 125 70
18 126 69
18 127 68
18 128 67
18 129 66
18 130 65
18 131 64
18 132 63
18 133 62
18 134 61
18 135 60
18 136 59
18 137 58
18 138 57
18 139 56
18 140 55
18 141 54
18 142 53
18 143 52
18 144 51
18 145 50
18 146 49
18 147 48
18 148 47
18 149 46
18 150 45
18 151 44
18 152 43
18 153 42
18 154 41
18 155 40
18 156 39
18 157 38
18 158 37
18 159 36
18 160 35
18 161 34
18 162 33
18 163 32
18 164 31
18 165 30
18 166 29
18 167 28
18 168 27
18 169 26
18 170 25
18 171 24
18 172 23
18 173 22
18 174 21
18 175 20
18 176 19
18 177 18
18 178 17
18 179 16
18 180 15
18 181 14
18 182 13
18 183 12
18 184 11
18 185 10
18 186 9
18 187 8
18 188 7
18 189 6
18 190 5
18 191 4
18 192 3
18 193 2
18 194 1
18 195 0
19 1 157
19 2 156
19 3 155
19 4 154
19 5 153
19 6 152
19 7 151
19 8 150
19 9 149
19 10 148
19 11 147
19 12 146
19 13 145
19 14 144
19 15 143
19 16 142
19 17 141
19 18 140
19 19 139
19 20 138
19 21 137
19 22 136
19 23 135
19 24 134
19 25 133
19 26 132
19 27 131
19 28 130
19 29 129
19 30 128
19 31 127
19 32 126
19 33 125
19 34 124
19 35 123
19 36 122
19 37 121
19 38 120
19 39 119
19 40 118
19 41 117
19 42 116
19 43 115
19 44 114
19 45 113
19 46 112
19 47 111
19 48 110
19 49 109
19 50 108
19 51 107
19 52 106
19 53 105
19 54 104
19 55 103
19 56 102
19 57 101
19 58 100
19 59 99
19 60 98
19 61 97
19 62 96
19 63 95
19 64 94
19 65 93
19 66 92
19 67 91
19 68 90
19 69 89
19 70 88
19 71 87
19 72 86
19 73 85
19 74 84
19 75 83
19 76 82
19 77 81
19 78 80
19 79 79
19 80 78
19 81 77
19 82 76
19 83 75
19 84 74
19 85 73
19 86 72
19 87 71
19 88 70
19 89 69
19 90 68
19 91 67
19 92 66
19 93 65
19 94 64
19 95 63
19 96 62
19 97 61
19 98 60
19 99 59
19 100 58
19 101 57
19 102 56
19 103 55
19 104 54
19 105 53
19 106 52
19 107 51
19 108 50
19 109 49
19 110 48
19 111 47
19 112 46
19 113 45
19 114 44
19 115 43
19 116 42
19 117 41
19 118 40
19 119 39
19 120 38
19 121 37
19 122 36
19 123 35
19 124 34
19 125 33
19 126 32
19 127 31
19 128 30
19 129 29
19 130 28
19 131 27
19 132 26
19 133 25
19 134 24
19 135 23
19 136 22
19 137 21
19 138 20
19 139 19
19 140 18
19 141 17
19 142 16
19 143 15
19 144 14
19 145 13
19 146 12
19 147 11
19 148 10
19 149 9
19 150 8
19 151 7
19 152 6
19 153 5
19 154 4
19 155 3
19 156 2
19 157 1
19 158 0
21 1 194
21 2 193
21 3 192
21 4 191
21 5 190
21 6 189
21 7 188
21 8 187
21 9 186
21 10 185
21 11 184
21 12 183
21 13 182
21 14 181
21 15 180
21 16 179
21 17 178
21 18 177
21 19 176
21 20 175
21 21 174
21 22 173
21 23 172
21 24 171
21 25 170
21 26 169
21 27 168
21 28 167
21 29 166
21 30 165
21 31 164
21 32 163
21 33 162
21 34 161
21 35 160
21 36 159
21 37 158
21 38 157
21 39 156
21 40 155
21 41 154
21 42 153
21 43 152
21 44 151
21 45 150
21 46 149
21 47 148
21 48 147
21 49 146
21 50 145
21 51 144
21 52 143
21 53 142
21 54 141
21 55 140
21 56 139
21 57 138
21 58 137
21 59 136
21 60 135
21 61 134
21 62 133
21 63 132
21 64 131
21 65 130
21 66 129
21 67 128
21 68 127
21 69 126
21 70 125
21 71 124
21 72 123
21 73 122
21 74 121
21 75 120
21 76 119
21 77 118
21 78 117
21 79 116
21 80 115
21 81 114
21 82 113
21 83 112
21 84 111
21 85 110
21 86 109
21 87 108
21 88 107
21 89 106
21 90 105
21 91 104
21 92 103
21 93 102
21 94 101
21 95 100
21 96 99
21 97 98
21 98 97
21 99 96
21 100 95
21 101 94
21 102 93
21 103 92
21 104 91
21 105 90
21 106 89
21 107 88
21 108 87
21 109 86
21 110 85
21 111 84
21 112 83
21 113 82
21 114 81
21 115 80
21 116 79
21 117 78
21 118 77
21 119 76
21 120 75
21 121 74
21 122 73
21 123 72
21 124 71
21 125 70
21 126 69
21 127 68
21 128 67
21 129 66
21 130 65
21 131 64
21 132 63
21 133 62
21 134 61
21 135 60
21 136 59
21 137 58
21 138 57
21 139 56
21 140 55
21 141 54
21 142 53
21 143 52
21 144 51
21 145 50
21 146 49
21 147 48
21 148 47
21 149 46
21 150 45
21 151 44
21 152 43
21 153 42
21 154 41
21 155 40
21 156 39
21 157 38
21 158 37
21 159 36
21 160 35
21 161 34
21 162 33
21 163 32
21 164 31
21 165 30
21 166 29
21 167 28
21 168 27
21 169 26
21 170 25
21 171 24
21 172 23
21 173 22
21 174 21
21 175 20
21 176 19
21 177 18
21 178 17
21 179 16
21 180 15
21 181 14
21 182 13
21 183 12
21 184 11
21 185 10
21 186 9
21 187 8
21 188 7
21 189 6
21 190 5
21 191 4
21 192 3
21 193 2
21 194 1
21 195 0
22 1 201
22 2 200
22 3 199
22 4 198
22 5 197
22 6 196
22 7 195
22 8 194
22 9 193
22 10 192
22 11 191
22 12 190
22 13 189
22 14 188
22 15 187
22 16 186
22 17 185
22 18 184
22 19 183
22 20 182
22 21 181
22 22 180
22 23 179
22 24 178
22 25 177
22 26 176
22 27 175
22 28 174
22 29 173
22 30 172
22 31 171
22 32 170
22 33 169
22 34 168
22 35 167
22 36 166
22 37 165
22 38 164
22 39 163
22 40 162
22 41 161
22 42 160
22 43 159
22 44 158
22 45 157
22 46 156
22 47 155
22 48 154
22 49 153
22 50 152
22 51 151
22 52 150
22 53 149
22 54 148
22 55 147
22 56 146
22 57 145
22 58 144
22 59 143
22 60 142
22 61 141
22 62 140
22 63 139
22 64 138
22 65 137
22 66 136
22 67 135
22 68 134
22 69 133
22 70 132
22 71 131
22 72 130
22 73 129
22 74 128
22 75 127
22 76 126
22 77 125
22 78 124
22 79 123
22 80 122
22 81 121
22 82 120
22 83 119
22 84 118
22 85 117
22 86 116
22 87 115
22 88 114
22 89 113
22 90 112
22 91 111
22 92 110
22 93 109
22 94 108
22 95 107
22 96 106
22 97 105
22 98 104
22 99 103
22 100 102
22 101 101
22 102 100
22 103 99
22 104 98
22 105 97
22 106 96
22 107 95
22 108 94
22 109 93
22 110 92
22 111 91
22 112 90
22 113 89
22 114 88
22 115 87
22 116 86
22 117 85
22 118 84
22 119 83
22 120 82
22 121 81
22 122 80
22 123 79
22 124 78
22 125 77
22 126 76
22 127 75
22 128 74
22 129 73
22 130 72
22 131 71
22 132 70
22 133 69
22 134 68
22 135 67
22 136 66
22 137 65
22 138 64
22 139 63
22 140 62
22 141 61
22 142 60
22 143 59
22 144 58
22 145 57
22 146 56
22 147 55
22 148 54
22 149 53
22 150 52
22 151 51
22 152 50
22 153 49
22 154 48
22 155 47
22 156 46
22 157 45
22 158 44
22 159 43
22 160 42
22 161 41
22 162 40
22 163 39
22 164 38
22 165 37
22 166 36
22 167 35
22 168 34
22 169 33
22 170 32
22 171 31
22 172 30
22 173 29
22 174 28
22 175 27
22 176 26
22 177 25
22 178 24
22 179 23
22 180 22
22 181 21
22 182 20
22 183 19
22 184 18
22 185 17
22 186 16
22 187 15
22 188 14
22 189 13
22 190 12
22 191 11
22 192 10
22 193 9
22 194 8
22 195 7
22 196 6
22 197 5
22 198 4
22 199 3
22 200 2
22 201 1
22 202 0
23 1 167
23 2 166
23 3 165
23 4 164
23 5 163
23 6 162
23 7 161
23 8 160
23 9 159
23 10 158
23 11 157
23 12 156
23 13 155
23 14 154
23 15 153
23 16 152
23 17 151
23 18 150
23 19 149
23 20 148
23 21 147
23 22 146
23 23 145
23 24 144
23 25 143
23 26 142
23 27 141
23 28 140
23 29 139
23 30 138
23 31 137
23 32 136
23 33 135
23 34 134
23 35 133
23 36 132
23 37 131
23 38 130
23 39 129
23 40 128
23 41 127
23 42 126
23 43 125
23 44 124
23 45 123
23 46 122
23 47 121
23 48 120
23 49 119
23 50 118
23 51 117
23 52 116
23 53 115
23 54 114
23 55 113
23 56 112
23 57 111
23 58 110
23 59 109
23 60 108
23 61 107
23 62 106
23 63 105
23 64 104
23 65 103
23 66 102
23 67 101
23 68 100
23 69 99
23 70 98
23 71 97
23 72 96
23 73 95
23 74 94
23 75 93
23 76 92
23 77 91
23 78 90
23 79 89
23 80 88
23 81 87
23 82 86
23 83 85
23 84 84
23 85 83
23 86 82
23 87 81
23 88 80
23 89 79
23 90 78
23 91 77
23 92 76
23 93 75
23 94 74
23 95 73
23 96 72
23 97 71
23 98 70
23 99 69
23 100 68
23 101 67
23 102 66
23 103 65
23 104 64
23 105 63
23 106 62
23 107 61
23 108 60
23 109 59
23 110 58
23 111 57
23 112 56
23 113 55
23 114 54
23 115 53
23 116 52
23 117 51
23 118 50
23 119 49
23 120 48
23 121 47
23 122 46
23 123 45
23 124 44
23 125 43
23 126 42
23 127 41
23 128 40
23 129 39
23 130 38
23 131 37
23 132 36
23 133 35
23 134 34
23 135 33
23 136 32
23 137 31
23 138 30
23 139 29
23 140 28
23 141 27
23 142 26
23 143 25
23 144 24
23 145 23
23 146 22
23 147 21
23 148 20
23 149 19
23 150 18
23 151 17
23 152 16
23 153 15
23 154 14
23 155 13
23 156 12
23 157 11
23 158 10
23 159 9
23 160 8
23 161 7
23 162 6
23 163 5
23 164 4
23 165 3
23 166 2
23 167 1
23 168 0
24 1 146
24 2 145
24 3 144
24 4 143
24 5 142
24 6 141
24 7 140
24 8 139
24 9 138
24 10 137
24 11 136
24 12 135
24 13 134
24 14 133
24 15 132
24 16 131
24 17 130
24 18 129
24 19 128
24 20 127
24 21 126
24 22 125
24 23 124
24 24 123
24 25 122
24 26 121
24 27 120
24 28 119
24 29 118
24 30 117
24 31 116
24 32 115
24 33 114
24 34 113
24 35 112
24 36 111
24 37 110
24 38 109
24 39 108
24 40 107
24 41 106
24 42 105
24 43 104
24 44 103
24 45 102
24 46 101
24 47 100
24 48 99
24 49 98
24 50 97
24 51 96
24 52 95
24 53 94
24 54 93
24 55 92
24 56 91
24 57 90
24 58 89
24 59 88
24 60 87
24 61 86
24 62 85
24 63 84
24 64 83
24 65 82
24 66 81
24 67 80
24 68 79
24 69 78
24 70 77
24 71 76
24 72 75
24 73 74
24 74 73
24 75 72
24 76 71
24 77 70
24 78 69
24 79 68
24 80 67
24 81 66
24 82 65
24 83 64
24 84 63
24 85 62
24 86 61
24 87 60
24 88 59
24 89 58
24 90 57
24 91 56
24 92 55
24 93 54
24 94 53
24 95 52
24 96 51
24 97 50
24 98 49
24 99 48
24 100 47
24 101 46
24 102 45
24 103 44
24 104 43
24 105 42
24 106 41
24 107 40
24 108 39
24 109 38
24 110 37
24 111 36
24 112 35
24 113 34
24 114 33
24 115 32
24 116 31
24 117 30
24 118 29
24 119 28
24 120 27
24 121 26
24 122 25
24 123 24
24 124 23
24 125 22
24 126 21
24 127 20
24 128 19
24 129 18
24 130 17
24 131 16
24 132 15
24 133 14
24 134 13
24 135 12
24 136 11
24 137 10
24 138 9
24 139 8
24 140 7
24 141 6
24 142 5
24 143 4
24 144 3
24 145 2
24 146 1
24 147 0
26 1 198
26 2 197
26 3 196
26 4 195
26 5 194
26 6 193
26 7 192
26 8 191
26 9 190
26 10 189
26 11 188
26 12 187
26 13 186
26 14 185
26 15 184
26 16 183
26 17 182
26 18 181
26 19 180
26 20 179
26 21 178
26 22 177
26 23 176
26 24 175
26 25 174
26 26 173
26 27 172
26 28 171
26 29 170
26 30 169
26 31 168
26 32 167
26 33 166
26 34 165
26 35 164
26 36 163
26 37 162
26 38 161
26 39 160
26 40 159
26 41 158
26 42 157
26 43 156
26 44 155
26 45 154
26 46 153
26 47 152
26 48 151
26 49 150
26 50 149
26 51 148
26 52 147
26 53 146
26 54 145
26 55 144
26 56 143
26 57 142
26 58 141
26 59 140
26 60 139
26 61 138
26 62 137
26 63 136
26 64 135
26 65 134
26 66 133
26 67 132
26 68 131
26 69 130
26 70 129
26 71 128
26 72 127
26 73 126
26 74 125
26 75 124
26 76 123
26 77 122
26 78 121
26 79 120
26 80 119
26 81 118
26 82 117
26 83 116
26 84 115
26 85 114
26 86 113
26 87 112
26 88 111
26 89 110
26 90 109
26 91 108
26 92 107
26 93 106
26 94 105
26 95 104
26 96 103
26 97 102
26 98 101
26 99 100
26 100 99
26 101 98
26 102 97
26 103 96
26 104 95
26 105 94
26 106 93
26 107 92
26 108 91
26 109 90
26 110 89
26 111 88
26 112 87
26 113 86
26 114 85
26 115 84
26 116 83
26 117 82
26 118 81
26 119 80
26 120 79
26 121 78
26 122 77
26 123 76
26 124 75
26 125 74
26 126 73
26 127 72
26 128 71
26 129 70
26 130 69
26 131 68
26 132 67
26 133 66
26 134 65
26 135 64
26 136 63
26 137 62
26 138 61
26 139 60
26 140 59
26 141 58
26 142 57
26 143 56
26 144 55
26 145 54
26 146 53
26 147 52
26 148 51
26 149 50
26 150 49
26 151 48
26 152 47
26 153 46
26 154 45
26 155 44
26 156 43
26 157 42
26 158 41
26 159 40
26 160 39
26 161 38
26 162 37
26 163 36
26 164 35
26 165 34
26 166 33
26 167 32
26 168 31
26 169 30
26 170 29
26 171 28
26 172 27
26 173 26
26 174 25
26 175 24
26 176 23
26 177 22
26 178 21
26 179 20
26 180 19
26 181 18
26 182 17
26 183 16
26 184 15
26 185 14
26 186 13
26 187 12
26 188 11
26 189 10
26 190 9
26 191 8
26 192 7
26 193 6
26 194 5
26 195 4
26 196 3
26 197 2
26 198 1
26 199 0
27 1 155
27 2 154
27 3 153
27 4 152
27 5 151
27 6 150
27 7 149
27 8 148
27 9 147
27 10 146
27 11 145
27 12 144
27 13 143
27 14 142
27 15 141
27 16 140
27 17 139
27 18 138
27 19 137
27 20 136
27 21 135
27 22 134
27 23 133
27 24 132
27 25 131
27 26 130
27 27 129
27 28 128
27 29 127
27 30 126
27 31 125
27 32 124
27 33 123
27 34 122
27 35 121
27 36 120
27 37 119
27 38 118
27 39 117
27 40 116
27 41 115
27 42 114
27 43 113
27 44 112
27 45 111
27 46 110
27 47 109
27 48 108
27 49 107
27 50 106
27 51 105
27 52 104
27 53 103
27 54 102
27 55 101
27 56 100
27 57 99
27 58 98
27 59 97
27 60 96
27 61 95
27 62 94
27 63 93
27 64 92
27 65 91
27 66 90
27 67 89
27 68 88
27 69 87
27 70 86
27 71 85
27 72 84
27 73 83
27 74 82
27 75 81
27 76 80
27 77 79
27 78 78
27 79 77
27 80 76
27 81 75
27 82 74
27 83 73
27 84 72
27 85 71
27 86 70
27 87 69
27 88 68
27 89 67
27 90 66
27 91 65
27 92 64
27 93 63
27 94 62
27 95 61
27 96 60
27 97 59
27 98 58
27 99 57
27 100 56
27 101 55
27 102 54
27 103 53
27 104 52
27 105 51
27 106 50
27 107 49
27 108 48
27 109 47
27 110 46
27 111 45
27 112 44
27 113 43
27 114 42
27 115 41
27 116 40
27 117 39
27 118 38
27 119 37
27 120 36
27 121 35
27 122 34
27 123 33
27 124 32
27 125 31
27 126 30
27 127 29
27 128 28
27 129 27
27 130 26
27 131 25
27 132 24
27 133 23
27 134 22
27 135 21
27 136 20
27 137 19
27 138 18
27 139 17
27 140 16
27 141 15
27 142 14
27 143 13
27 144 12
27 145 11
27 146 10
27 147 9
27 148 8
27 149 7
27 150 6
27 151 5
27 152 4
27 153 3
27 154 2
27 155 1
27 156 0
28 1 164
28 2 163
28 3 162
28 4 161
28 5 160
28 6 159
28 7 158
28 8 157
28 9 156
28 10 155
28 11 154
28 12 153
28 13 152
28 14 151
28 15 150
28 16 149
28 17 148
28 18 147
28 19 146
28 20 145
28 21 144
28 22 143
28 23 142
28 24 141
28 25 140
28 26 139
28 27 138
28 28 137
28 29 136
28 30 135
28 31 134
28 32 133
28 33 132
28 34 131
28 35 130
28 36 129
28 37 128
28 38 127
28 39 126
28 40 125
28 41 124
28 42 123
28 43 122
28 44 121
28 45 120
28 46 119
28 47 118
28 48 117
28 49 116
28 50 115
28 51 114
28 52 113
28 53 112
28 54 111
28 55 110
28 56 109
28 57 108
28 58 107
28 59 106
28 60 105
28 61 104
28 62 103
28 63 102
28 64 101
28 65 100
28 66 99
28 67 98
28 68 97
28 69 96
28 70 95
28 71 94
28 72 93
28 73 92
28 74 91
28 75 90
28 76 89
28 77 88
28 78 87
28 79 86
28 80 85
28 81 84
28 82 83
28 83 82
28 84 81
28 85 80
28 86 79
28 87 78
28 88 77
28 89 76
28 90 75
28 91 74
28 92 73
28 93 72
28 94 71
28 95 70
28 96 69
28 97 68
28 98 67
28 99 66
28 100 65
28 101 64
28 102 63
28 103 62
28 104 61
28 105 60
28 106 59
28 107 58
28 108 57
28 109 56
28 110 55
28 111 54
28 112 53
28 113 52
28 114 51
28 115 50
28 116 49
28 117 48
28 118 47
28 119 46
28 120 45
28 121 44
28 122 43
28 123 42
28 124 41
28 125 40
28 126 39
28 127 38
28 128 37
28 129 36
28 130 35
28 131 34
28 132 33
28 133 32
28 134 31
28 135 30
28 136 29
28 137 28
28 138 27
28 139 26
28 140 25
28 141 24
28 142 23
28 143 22
28 144 21
28 145 20
28 146 19
28 147 18
28 148 17
28 149 16
28 150 15
28 151 14
28 152 13
28 153 12
28 154 11
28 155 10
28 156 9
28 157 8
28 158 7
28 159 6
28 160 5
28 161 4
28 162 3
28 163 2
28 164 1
28 165 0
29 1 162
29 2 161
29 3 160
29 4 159
29 5 158
29 6 157
29 7 156
29 8 155
29 9 154
29 10 153
29 11 152
29 12 151
29 13 150
29 14 149
29 15 148
29 16 147
29 17 146
29 18 145
29 19 144
29 20 143
29 21 142
29 22 141
29 23 140
29 24 139
29 25 138
29 26 137
29 27 136
29 28 135
29 29 134
29 30 133
29 31 132
29 32 131
29 33 130
29 34 129
29 35 128
29 36 127
29 37 126
29 38 125
29 39 124
29 40 123
29 41 122
29 42 121
29 43 120
29 44 119
29 45 118
29 46 117
29 47 116
29 48 115
29 49 114
29 50 113
29 51 112
29 52 111
29 53 110
29 54 109
29 55 108
29 56 107
29 57 106
29 58 105
29 59 104
29 60 103
29 61 102
29 62 101
29 63 100
29 64 99
29 65 98
29 66 97
29 67 96
29 68 95
29 69 94
29 70 93
29 71 92
29 72 91
29 73 90
29 74 89
29 75 88
29 76 87
29 77 86
29 78 85
29 79 84
29 80 83
29 81 82
29 82 81
29 83 80
29 84 79
29 85 78
29 86 77
29 87 76
29 88 75
29 89 74
29 90 73
29 91 72
29 92 71
29 93 70
29 94 69
29 95 68
29 96 67
29 97 66
29 98 65
29 99 64
29 100 63
29 101 62
29 102 61
29 103 60
29 104 59
29 105 58
29 106 57
29 107 56
29 108 55
29 109 54
29 110 53
29 111 52
29 112 51
29 113 50
29 114 49
29 115 48
29 116 47
29 117 46
29 118 45
29 119 44
29 120 43
29 121 42
29 122 41
29 123 40
29 124 39
29 125 38
29 126 37
29 127 36
29 128 35
29 129 34
29 130 33
29 131 32
29 132 31
29 133 30
29 134 29
29 135 28
29 136 27
29 137 26
29 138 25
29 139 24
29 140 23
29 141 22
29 142 21
29 143 20
29 144 19
29 145 18
29 146 17
29 147 16
29 148 15
29 149 14
29 150 13
29 151 12
29 152 11
29 153 10
29 154 9
29 155 8
29 156 7
29 157 6
29 158 5
29 159 4
29 160 3
29 161 2
29 162 1
29 163 0
30 1 193
30 2 192
30 3 191
30 4 190
30 5 189
30 6 188
30 7 187
30 8 186
30 9 185
30 10 184
30 11 183
30 12 182
30 13 181
30 14 180
30 15 179
30 16 178
30 17 177
30 18 176
30 19 175
30 20 174
30 21 173
30 22 172
30 23 171
30 24 170
30 25 169
30 26 168
30 27 167
30 28 166
30 29 165
30 30 164
30 31 163
30 32 162
30 33 161
30 34 160
30 35 159
30 36 158
30 37 157
30 38 156
30 39 155
30 40 154
30 41 153
30 42 152
30 43 151
30 44 150
30 45 149
30 46 148
30 47 147
30 48 146
30 49 145
30 50 144
30 51 143
30 52 142
30 53 141
30 54 140
30 55 139
30 56 138
30 57 137
30 58 136
30 59 135
30 60 134
30 61 133
30 62 132
30 63 131
30 64 130
30 65 129
30 66 128
30 67 127
30 68 126
30 69 125
30 70 124
30 71 123
30 72 122
30 73 121
30 74 120
30 75 119
30 76 118
30 77 117
30 78 116
30 79 115
30 80 114
30 81 113
30 82 112
30 83 111
30 84 110
30 85 109
30 86 108
30 87 107
30 88 106
30 89 105
30 90 104
30 91 103
30 92 102
30 93 101
30 94 100
30 95 99
30 96 98
30 97 97
30 98 96
30 99 95
30 100 94
30 101 93
30 102 92
30 103 91
30 104 90
30 105 89
30 106 88
30 107 87
30 108 86
30 109 85
30 110 84
30 111 83
30 112 82
30 113 81
30 114 80
30 115 79
30 116 78
30 117 77
30 118 76
30 119 75
30 120 74
30 121 73
30 122 72
30 123 71
30 124 70
30 125 69
30 126 68
30 127 67
30 128 66
30 129 65
30 130 64
30 131 63
30 132 62
30 133 61
30 134 60
30 135 59
30 136 58
30 137 57
30 138 56
30 139 55
30 140 54
30 141 53
30 142 52
30 143 51
30 144 50
30 145 49
30 146 48
30 147 47
30 148 46
30 149 45
30 150 44
30 151 43
30 152 42
30 153 41
30 154 40
30 155 39
30 156 38
30 157 37
30 158 36
30 159 35
30 160 34
30 161 33
30 162 32
30 163 31
30 164 30
30 165 29
30 166 28
30 167 27
30 168 26
30 169 25
30 170 24
30 171 23
30 172 22
30 173 21
30 174 20
30 175 19
30 176 18
30 177 17
30 178 16
30 179 15
30 180 14
30 181 13
30 182 12
30 183 11
30 184 10
30 185 9
30 186 8
30 187 7
30 188 6
30 189 5
30 190 4
30 191 3
30 192 2
30 193 1
30 194 0
32 1 190
32 2 189
32 3 188
32 4 187
32 5 186
32 6 185
32 7 184
32 8 183
32 9 182
32 10 181
32 11 180
32 12 179
32 13 178
32 14 177
32 15 176
32 16 175
32 17 174
32 18 173
32 19 172
32 20 171
32 21 170
32 22 169
32 23 168
32 24 167
32 25 166
32 26 165
32 27 164
32 28 163
32 29 162
32 30 161
32 31 160
32 32 159
32 33 158
32 34 157
32 35 156
32 36 155
32 37 154
32 38 153
32 39 152
32 40 151
32 41 150
32 42 149
32 43 148
32 44 147
32 45 146
32 46 145
32 47 144
32 48 143
32 49 142
32 50 141
32 51 140
32 52 139
32 53 138
32 54 137
32 55 136
32 56 135
32 57 134
32 58 133
32 59 132
32 60 131
32 61 130
32 62 129
32 63 128
32 64 127
32 65 126
32 66 125
32 67 124
32 68 123
32 69 122
32 70 121
32 71 120
32 72 119
32 73 118
32 74 117
32 75 116
32 76 115
32 77 114
32 78 113
32 79 112
32 80 111
32 81 110
32 82 109
32 83 108
32 84 107
32 85 106
32 86 105
32 87 104
32 88 103
32 89 102
32 90 101
32 91 100
32 92 99
32 93 98
32 94 97
32 95 96
32 96 95
32 97 94
32 98 93
32 99 92
32 100 91
32 101 90
32 102 89
32 103 88
32 104 87
32 105 86
32 106 85
32 107 84
32 108 83
32 109 82
32 110 81
32 111 80
32 112 79
32 113 78
32 114 77
32 115 76
32 116 75
32 117 74
32 118 73
32 119 72
32 120 71
32 121 70
32 122 69
32 123 68
32 124 67
32 125 66
32 126 65
32 127 64
32 128 63
32 129 62
32 130 61
32 131 60
32 132 59
32 133 58
32 134 57
32 135 56
32 136 55
32 137 54
32 138 53
32 139 52
32 140 51
32 141 50
32 142 49
32 143 48
32 144 47
32 145 46
32 146 45
32 147 44
32 148 43
32 149 42
32 150 41
32 151 40
32 152 39
32 153 38
32 154 37
32 155 36
32 156 35
32 157 34
32 158 33
32 159 32
32 160 31
32 161 30
32 162 29
32 163 28
32 164 27
32 165 26
32 166 25
32 167 24
32 168 23
32 169 22
32 170 21
32 171 20
32 172 19
32 173 18
32 174 17
32 175 16
32 176 15
32 177 14
32 178 13
32 179 12
32 180 11
32 181 10
32 182 9
32 183 8
32 184 7
32 185 6
32 186 5
32 187 4
32 188 3
32 189 2
32 190 1
32 191 0
33 1 199
33 2 198
33 3 197
33 4 196
33 5 195
33 6 194
33 7 193
33 8 192
33 9 191
33 10 190
33 11 189
33 12 188
33 13 187
33 14 186
33 15 185
33 16 184
33 17 183
33 18 182
33 19 181
33 20 180
33 21 179
33 22 178
33 23 177
33 24 176
33 25 175
33 26 174
33 27 173
33 28 172
33 29 171
33 30 170
33 31 169
33 32 168
33 33 167
33 34 166
33 35 165
33 36 164
33 37 163
33 38 162
33 39 161
33 40 160
33 41 159
33 42 158
33 43 157
33 44 156
33 45 155
33 46 154
33 47 153
33 48 152
33 49 151
33 50 150
33 51 149
33 52 148
33 53 147
33 54 146
33 55 145
33 56 144
33 57 143
33 58 142
33 59 141
33 60 140
33 61 139
33 62 138
33 63 137
33 64 136
33 65 135
33 66 134
33 67 133
33 68 132
33 69 131
33 70 130
33 71 129
33 72 128
33 73 127
33 74 126
33 75 125
33 76 124
33 77 123
33 78 122
33 79 121
33 80 120
33 81 119
33 82 118
33 83 117
33 84 116
33 85 115
33 86 114
33 87 113
33 88 112
33 89 111
33 90 110
33 91 109
33 92 108
33 93 107
33 94 106
33 95 105
33 96 104
33 97 103
33 98 102
33 99 101
33 100 100
33 101 99
33 102 98
33 103 97
33 104 96
33 105 95
33 106 94
33 107 93
33 108 92
33 109 91
33 110 90
33 111 89
33 112 88
33 113 87
33 114 86
33 115 85
33 116 84
33 117 83
33 118 82
33 119 81
33 120 80
33 121 79
33 122 78
33 123 77
33 124 76
33 125 75
33 126 74
33 127 73
33 128 72
33 129 71
33 130 70
33 131 69
33 132 68
33 133 67
33 134 66
33 135 65
33 136 64
33 137 63
33 138 62
33 139 61
33 140 60
33 141 59
33 142 58
33 143 57
33 144 56
33 145 55
33 146 54
33 147 53
33 148 52
33 149 51
33 150 50
33 151 49
33 152 48
33 153 47
33 154 46
33 155 45
33 156 44
33 157 43
33 158 42
33 159 41
33 160 40
33 161 39
33 162 38
33 163 37
33 164 36
33 165 35
33 166 34
33 167 33
33 168 32
33 169 31
33 170 30
33 171 29
33 172 28
33 173 27
33 174 26
33 175 25
33 176 24
33 177 23
33 178 22
33 179 21
33 180 20
33 181 19
33 182 18
33 183 17
33 184 16
33 185 15
33 186 14
33 187 13
33 188 12
33 189 11
33 190 10
33 191 9
33 192 8
33 193 7
33 194 6
33 195 5
33 196 4
33 197 3
33 198 2
33 199 1
33 200 0
34 1 194
34 2 193
34 3 192
34 4 191
34 5 190
34 6 189
34 7 188
34 8 187
34 9 186
34 10 185
34 11 184
34 12 183
34 13 182
34 14 181
34 15 180
34 16 179
34 17 178
34 18 177
34 19 176
34 20 175
34 21 174
34 22 173
34 23 172
34 24 171
34 25 170
34 26 169
34 27 168
34 28 167
34 29 166
34 30 165
34 31 164
34 32 163
34 33 162
34 34 161
34 35 160
34 36 159
34 37 158
34 38 157
34 39 156
34 40 155
34 41 154
34 42 153
34 43 152
34 44 151
34 45 150
34 46 149
34 47 148
34 48 147
34 49 146
34 50 145
34 51 144
34 52 143
34 53 142
34 54 141
34 55 140
34 56 139
34 57 138
34 58 137
34 59 136
34 60 135
34 61 134
34 62 133
34 63 132
34 64 131
34 65 130
34 66 129
34 67 128
34 68 127
34 69 126
34 70 125
34 71 124
34 72 123
34 73 122
34 74 121
34 75 120
34 76 119
34 77 118
34 78 117
34 79 116
34 80 115
34 81 114
34 82 113
34 83 112
34 84 111
34 85 110
34 86 109
34 87 108
34 88 107
34 89 106
34 90 105
34 91 104
34 92 103
34 93 102
34 94 101
34 95 100
34 96 99
34 97 98
34 98 97
34 99 96
34 100 95
34 101 94
34 102 93
34 103 92
34 104 91
34 105 90
34 106 89
34 107 88
34 108 87
34 109 86
34 110 85
34 111 84
34 112 83
34 113 82
34 114 81
34 115 80
34 116 79
34 117 78
34 118 77
34 119 76
34 120 75
34 121 74
34 122 73
34 123 72
34 124 71
34 125 70
34 126 69
34 127 68
34 128 67
34 129 66
34 130 65
34 131 64
34 132 63
34 133 62
34 134 61
34 135 60
34 136 59
34 137 58
34 138 57
34 139 56
34 140 55
34 141 54
34 142 53
34 143 52
34 144 51
34 145 50
34 146 49
34 147 48
34 148 47
34 149 46
34 150 45
34 151 44
34 152 43
34 153 42
34 154 41
34 155 40
34 156 39
34 157 38
34 158 37
34 159 36
34 160 35
34 161 34
34 162 33
34 163 32
34 164 31
34 165 30
34 166 29
34 167 28
34 168 27
34 169 26
34 170 25
34 171 24
34 172 23
34 173 22
34 174 21
34 175 20
34 176 19
34 177 18
34 178 17
34 179 16
34 180 15
34 181 14
34 182 13
34 183 12
34 184 11
34 185 10
34 186 9
34 187 8
34 188 7
34 189 6
34 190 5
34 191 4
34 192 3
34 193 2
34 194 1
34 195 0
35 1 180
35 2 179
35 3 178
35 4 177
35 5 176
35 6 175
35 7 174
35 8 173
35 9 172
35 10 171
35 11 170
35 12 169
35 13 168
35 14 167
35 15 166
35 16 165
35 17 164
35 18 163
35 19 162
35 20 161
35 21 160
35 22 159
35 23 158
35 24 157
35 25 156
35 26 155
35 27 154
35 28 153
35 29 152
35 30 151
35 31 150
35 32 149
35 33 148
35 34 147
35 35 146
35 36 145
35 37 144
35 38 143
35 39 142
35 40 141
35 41 140
35 42 139
35 43 138
35 44 137
35 45 136
35 46 135
35 47 134
35 48 133
35 49 132
35 50 131
35 51 130
35 52 129
35 53 128
35 54 127
35 55 126
35 56 125
35 57 124
35 58 123
35 59 122
35 60 121
35 61 120
35 62 119
35 63 118
35 64 117
35 65 116
35 66 115
35 67 114
35 68 113
35 69 112
35 70 111
35 71 110
35 72 109
35 73 108
35 74 107
35 75 106
35 76 105
35 77 104
35 78 103
35 79 102
35 80 101
35 81 100
35 82 99
35 83 98
35 84 97
35 85 96
35 86 95
35 87 94
35 88 93
35 89 92
35 90 91
35 91 90
35 92 89
35 93 88
35 94 87
35 95 86
35 96 85
35 97 84
35 98 83
35 99 82
35 100 81
35 101 80
35 102 79
35 103 78
35 104 77
35 105 76
35 106 75
35 107 74
35 108 73
35 109 72
35 110 71
35 111 70
35 112 69
35 113 68
35 114 67
35 115 66
35 116 65
35 117 64
35 118 63
35 119 62
35 120 61
35 121 60
35 122 59
35 123 58
35 124 57
35 125 56
35 126 55
35 127 54
35 128 53
35 129 52
35 130 51
35 131 50
35 132 49
35 133 48
35 134 47
35 135 46
35 136 45
35 137 44
35 138 43
35 139 42
35 140 41
35 141 40
35 142 39
35 143 38
35 144 37
35 145 36
35 146 35
35 147 34
35 148 33
35 149 32
35 150 31
35 151 30
35 152 29
35 153 28
35 154 27
35 155 26
35 156 25
35 157 24
35 158 23
35 159 22
35 160 21
35 161 20
35 162 19
35 163 18
35 164 17
35 165 16
35 166 15
35 167 14
35 168 13
35 169 12
35 170 11
35 171 10
35 172 9
35 173 8
35 174 7
35 175 6
35 176 5
35 177 4
35 178 3
35 179 2
35 180 1
35 181 0
36 1 157
36 2 156
36 3 155
36 4 154
36 5 153
36 6 152
36 7 151
36 8 150
36 9 149
36 10 148
36 11 147
36 12 146
36 13 145
36 14 144
36 15 143
36 16 142
36 17 141
36 18 140
36 19 139
36 20 138
36 21 137
36 22 136
36 23 135
36 24 134
36 25 133
36 26 132
36 27 131
36 28 130
36 29 129
36 30 128
36 31 127
36 32 126
36 33 125
36 34 124
36 35 123
36 36 122
36 37 121
36 38 120
36 39 119
36 40 118
36 41 117
36 42 116
36 43 115
36 44 114
36 45 113
36 46 112
36 47 111
36 48 110
36 49 109
36 50 108
36 51 107
36 52 106
36 53 105
36 54 104
36 55 103
36 56 102
36 57 101
36 58 100
36 59 99
36 60 98
36 61 97
36 62 96
36 63 95
36 64 94
36 65 93
36 66 92
36 67 91
36 68 90
36 69 89
36 70 88
36 71 87
36 72 86
36 73 85
36 74 84
36 75 83
36 76 82
36 77 81
36 78 80
36 79 79
36 80 78
36 81 77
36 82 76
36 83 75
36 84 74
36 85 73
36 86 72
36 87 71
36 88 70
36 89 69
36 90 68
36 91 67
36 92 66
36 93 65
36 94 64
36 95 63
36 96 62
36 97 61
36 98 60
36 99 59
36 100 58
36 101 57
36 102 56
36 103 55
36 104 54
36 105 53
36 106 52
36 107 51
36 108 50
36 109 49
36 110 48
36 111 47
36 112 46
36 113 45
36 114 44
36 115 43
36 116 42
36 117 41
36 118 40
36 119 39
36 120 38
36 121 37
36 122 36
36 123 35
36 124 34
36 125 33
36 126 32
36 127 31
36 128 30
36 129 29
36 130 28
36 131 27
36 132 26
36 133 25
36 134 24
36 135 23
36 136 22
36 137 21
36 138 20
36 139 19
36 140 18
36 141 17
36 142 16
36 143 15
36 144 14
36 145 13
36 146 12
36 147 11
36 148 10
36 149 9
36 150 8
36 151 7
36 152 6
36 153 5
36 154 4
36 155 3
36 156 2
36 157 1
36 158 0
37 1 169
37 2 168
37 3 167
37 4 166
37 5 165
37 6 164
37 7 163
37 8 162
37 9 161
37 10 160
37 11 159
37 12 158
37 13 157
37 14 156
37 15 155
37 16 154
37 17 153
37 18 152
37 19 151
37 20 150
37 21 149
37 22 148
37 23 147
37 24 146
37 25 145
37 26 144
37 27 143
37 28 142
37 29 141
37 30 140
37 31 139
37 32 138
37 33 137
37 34 136
37 35 135
37 36 134
37 37 133
37 38 132
37 39 131
37 40 130
37 41 129
37 42 128
37 43 127
37 44 126
37 45 125
37 46 124
37 47 123
37 48 122
37 49 121
37 50 120
37 51 119
37 52 118
37 53 117
37 54 116
37 55 115
37 56 114
37 57 113
37 58 112
37 59 111
37 60 110
37 61 109
37 62 108
37 63 107
37 64 106
37 65 105
37 66 104
37 67 103
37 68 102
37 69 101
37 70 100
37 71 99
37 72 98
37 73 97
37 74 96
37 75 95
37 76 94
37 77 93
37 78 92
37 79 91
37 80 90
37 81 89
37 82 88
37 83 87
37 84 86
37 85 85
37 86 84
37 87 83
37 88 82
37 89 81
37 90 80
37 91 79
37 92 78
37 93 77
37 94 76
37 95 75
37 96 74
37 97 73
37 98 72
37 99 71
37 100 70
37 101 69
37 102 68
37 103 67
37 104 66
37 105 65
37 106 64
37 107 63
37 108 62
37 109 61
37 110 60
37 111 59
37 112 58
37 113 57
37 114 56
37 115 55
37 116 54
37 117 53
37 118 52
37 119 51
37 120 50
37 121 49
37 122 48
37 123 47
37 124 46
37 125 45
37 126 44
37 127 43
37 128 42
37 129 41
37 130 40
37 131 39
37 132 38
37 133 37
37 134 36
37 135 35
37 136 34
37 137 33
37 138 32
37 139 31
37 140 30
37 141 29
37 142 28
37 143 27
37 144 26
37 145 25
37 146 24
37 147 23
37 148 22
37 149 21
37 150 20
37 151 19
37 152 18
37 153 17
37 154 16
37 155 15
37 156 14
37 157 13
37 158 12
37 159 11
37 160 10
37 161 9
37 162 8
37 163 7
37 164 6
37 165 5
37 166 4
37 167 3
37 168 2
37 169 1
37 170 0
38 1 193
38 2 192
38 3 191
38 4 190
38 5 189
38 6 188
38 7 187
38 8 186
38 9 185
38 10 184
38 11 183
38 12 182
38 13 181
38 14 180
38 15 179
38 16 178
38 17 177
38 18 176
38 19 175
38 20 174
38 21 173
38 22 172
38 23 171
38 24 170
38 25 169
38 26 168
38 27 167
38 28 166
38 29 165
38 30 164
38 31 163
38 32 162
38 33 161
38 34 160
38 35 159
38 36 158
38 37 157
38 38 156
38 39 155
38 40 154
38 41 153
38 42 152
38 43 151
38 44 150
38 45 149
38 46 148
38 47 147
38 48 146
38 49 145
38 50 144
38 51 143
38 52 142
38 53 141
38 54 140
38 55 139
38 56 138
38 57 137
38 58 136
38 59 135
38 60 134
38 61 133
38 62 132
38 63 131
38 64 130
38 65 129
38 66 128
38 67 127
38 68 126
38 69 125
38 70 124
38 71 123
38 72 122
38 73 121
38 74 120
38 75 119
38 76 118
38 77 117
38 78 116
38 79 115
38 80 114
38 81 113
38 82 112
38 83 111
38 84 110
38 85 109
38 86 108
38 87 107
38 88 106
38 89 105
38 90 104
38 91 103
38 92 102
38 93 101
38 94 100
38 95 99
38 96 98
38 97 97
38 98 96
38 99 95
38 100 94
38 101 93
38 102 92
38 103 91
38 104 90
38 105 89
38 106 88
38 107 87
38 108 86
38 109 85
38 110 84
38 111 83
38 112 82
38 113 81
38 114 80
38 115 79
38 116 78
38 117 77
38 118 76
38 119 75
38 120 74
38 121 73
38 122 72
38 123 71
38 124 70
38 125 69
38 126 68
38 127 67
38 128 66
38 129 65
38 130 64
38 131 63
38 132 62
38 133 61
38 134 60
38 135 59
38 136 58
38 137 57
38 138 56
38 139 55
38 140 54
38 141 53
38 142 52
38 143 51
38 144 50
38 145 49
38 146 48
38 147 47
38 148 46
38 149 45
38 150 44
38 151 43
38 152 42
38 153 41
38 154 40
38 155 39
38 156 38
38 157 37
38 158 36
38 159 35
38 160 34
38 161 33
38 162 32
38 163 31
38 164 30
38 165 29
38 166 28
38 167 27
38 168 26
38 169 25
38 170 24
38 171 23
38 172 22
38 173 21
38 174 20
38 175 19
38 176 18
38 177 17
38 178 16
38 179 15
38 180 14
38 181 13
38 182 12
38 183 11
38 184 10
38 185 9
38 186 8
38 187 7
38 188 6
38 189 5
38 190 4
38 191 3
38 192 2
38 193 1
38 194 0
39 1 127
39 2 126
39 3 125
39 4 124
39 5 123
39 6 122
39 7 121
39 8 120
39 9 119
39 10 118
39 11 117
39 12 116
39 13 115
39 14 114
39 15 113
39 16 112
39 17 111
39 18 110
39 19 109
39 20 108
39 21 107
39 22 106
39 23 105
39 24 104
39 25 103
39 26 102
39 27 101
39 28 100
39 29 99
39 30 98
39 31 97
39 32 96
39 33 95
39 34 94
39 35 93
39 36 92
39 37 91
39 38 90
39 39 89
39 40 88
39 41 87
39 42 86
39 43 85
39 44 84
39 45 83
39 46 82
39 47 81
39 48 80
39 49 79
39 50 78
39 51 77
39 52 76
39 53 75
39 54 74
39 55 73
39 56 72
39 57 71
39 58 70
39 59 69
39 60 68
39 61 67
39 62 66
39 63 65
39 64 64
39 65 63
39 66 62
39 67 61
39 68 60
39 69 59
39 70 58
39 71 57
39 72 56
39 73 55
39 74 54
39 75 53
39 76 52
39 77 51
39 78 50
39 79 49
39 80 48
39 81 47
39 82 46
39 83 45
39 84 44
39 85 43
39 86 42
39 87 41
39 88 40
39 89 39
39 90 38
39 91 37
39 92 36
39 93 35
39 94 34
39 95 33
39 96 32
39 97 31
39 98 30
39 99 29
39 100 28
39 101 27
39 102 26
39 103 25
39 104 24
39 105 23
39 106 22
39 107 21
39 108 20
39 109 19
39 110 18
39 111 17
39 112 16
39 113 15
39 114 14
39 115 13
39 116 12
39 117 11
39 118 10
39 119 9
39 120 8
39 121 7
39 122 6
39 123 5
39 124 4
39 125 3
39 126 2
39 127 1
39 128 0
40 1 187
40 2 186
40 3 185
40 4 184
40 5 183
40 6 182
40 7 181
40 8 180
40 9 179
40 10 178
40 11 177
40 12 176
40 13 175
40 14 174
40 15 173
40 16 172
40 17 171
40 18 170
40 19 169
40 20 168
40 21 167
40 22 166
40 23 165
40 24 164
40 25 163
40 26 162
40 27 161
40 28 160
40 29 159
40 30 158
40 31 157
40 32 156
40 33 155
40 34 154
40 35 153
40 36 152
40 37 151
40 38 150
40 39 149
40 40 148
40 41 147
40 42 146
40 43 145
40 44 144
40 45 143
40 46 142
40 47 141
40 48 140
40 49 139
40 50 138
40 51 137
40 52 136
40 53 135
40 54 134
40 55 133
40 56 132
40 57 131
40 58 130
40 59 129
40 60 128
40 61 127
40 62 126
40 63 125
40 64 124
40 65 123
40 66 122
40 67 121
40 68 120
40 69 119
40 70 118
40 71 117
40 72 116
40 73 115
40 74 114
40 75 113
40 76 112
40 77 111
40 78 110
40 79 109
40 80 108
40 81 107
40 82 106
40 83 105
40 84 104
40 85 103
40 86 102
40 87 101
40 88 100
40 89 99
40 90 98
40 91 97
40 92 96
40 93 95
40 94 94
40 95 93
40 96 92
40 97 91
40 98 90
40 99 89
40 100 88
40 101 87
40 102 86
40 103 85
40 104 84
40 105 83
40 106 82
40 107 81
40 108 80
40 109 79
40 110 78
40 111 77
40 112 76
40 113 75
40 114 74
40 115 73
40 116 72
40 117 71
40 118 70
40 119 69
40 120 68
40 121 67
40 122 66
40 123 65
40 124 64
40 125 63
40 126 62
40 127 61
40 128 60
40 129 59
40 130 58
40 131 57
40 132 56
40 133 55
40 134 54
40 135 53
40 136 52
40 137 51
40 138 50
40 139 49
40 140 48
40 141 47
40 142 46
40 143 45
40 144 44
40 145 43
40 146 42
40 147 41
40 148 40
40 149 39
40 150 38
40 151 37
40 152 36
40 153 35
40 154 34
40 155 33
40 156 32
40 157 31
40 158 30
40 159 29
40 160 28
40 161 27
40 162 26
40 163 25
40 164 24
40 165 23
40 166 22
40 167 21
40 168 20
40 169 19
40 170 18
40 171 17
40 172 16
40 173 15
40 174 14
40 175 13
40 176 12
40 177 11
40 178 10
40 179 9
40 180 8
40 181 7
40 182 6
40 183 5
40 184 4
40 185 3
40 186 2
40 187 1
40 188 0
42 1 195
42 2 194
42 3 193
42 4 192
42 5 191
42 6 190
42 7 189
42 8 188
42 9 187
42 10 186
42 11 185
42 12 184
42 13 183
42 14 182
42 15 181
42 16 180
42 17 179
42 18 178
42 19 177
42 20 176
42 21 175
42 22 174
42 23 173
42 24 172
42 25 171
42 26 170
42 27 169
42 28 168
42 29 167
42 30 166
42 31 165
42 32 164
42 33 163
42 34 162
42 35 161
42 36 160
42 37 159
42 38 158
42 39 157
42 40 156
42 41 155
42 42 154
42 43 153
42 44 152
42 45 151
42 46 150
42 47 149
42 48 148
42 49 147
42 50 146
42 51 145
42 52 144
42 53 143
42 54 142
42 55 141
42 56 140
42 57 139
42 58 138
42 59 137
42 60 136
42 61 135
42 62 134
42 63 133
42 64 132
42 65 131
42 66 130
42 67 129
42 68 128
42 69 127
42 70 126
42 71 125
42 72 124
42 73 123
42 74 122
42 75 121
42 76 120
42 77 119
42 78 118
42 79 117
42 80 116
42 81 115
42 82 114
42 83 113
42 84 112
42 85 111
42 86 110
42 87 109
42 88 108
42 89 107
42 90 106
42 91 105
42 92 104
42 93 103
42 94 102
42 95 101
42 96 100
42 97 99
42 98 98
42 99 97
42 100 96
42 101 95
42 102 94
42 103 93
42 104 92
42 105 91
42 106 90
42 107 89
42 108 88
42 109 87
42 110 86
42 111 85
42 112 84
42 113 83
42 114 82
42 115 81
42 116 80
42 117 79
42 118 78
42 119 77
42 120 76
42 121 75
42 122 74
42 123 73
42 124 72
42 125 71
42 126 70
42 127 69
42 128 68
42 129 67
42 130 66
42 131 65
42 132 64
42 133 63
42 134 62
42 135 61
42 136 60
42 137 59
42 138 58
42 139 57
42 140 56
42 141 55
42 142 54
42 143 53
42 144 52
42 145 51
42 146 50
42 147 49
42 148 48
42 149 47
42 150 46
42 151 45
42 152 44
42 153 43
42 154 42
42 155 41
42 156 40
42 157 39
42 158 38
42 159 37
42 160 36
42 161 35
42 162 34
42 163 33
42 164 32
42 165 31
42 166 30
42 167 29
42 168 28
42 169 27
42 170 26
42 171 25
42 172 24
42 173 23
42 174 22
42 175 21
42 176 20
42 177 19
42 178 18
42 179 17
42 180 16
42 181 15
42 182 14
42 183 13
42 184 12
42 185 11
42 186 10
42 187 9
42 188 8
42 189 7
42 190 6
42 191 5
42 192 4
42 193 3
42 194 2
42 195 1
42 196 0
44 1 191
44 2 190
44 3 189
44 4 188
44 5 187
44 6 186
44 7 185
44 8 184
44 9 183
44 10 182
44 11 181
44 12 180
44 13 179
44 14 178
44 15 177
44 16 176
44 17 175
44 18 174
44 19 173
44 20 172
44 21 171
44 22 170
44 23 169
44 24 168
44 25 167
44 26 166
44 27 165
44 28 164
44 29 163
44 30 162
44 31 161
44 32 160
44 33 159
44 34 158
44 35 157
44 36 156
44 37 155
44 38 154
44 39 153
44 40 152
44 41 151
44 42 150
44 43 149
44 44 148
44 45 147
44 46 146
44 47 145
44 48 144
44 49 143
44 50 142
44 51 141
44 52 140
44 53 139
44 54 138
44 55 137
44 56 136
44 57 135
44 58 134
44 59 133
44 60 132
44 61 131
44 62 130
44 63 129
44 64 128
44 65 127
44 66 126
44 67 125
44 68 124
44 69 123
44 70 122
44 71 121
44 72 120
44 73 119
44 74 118
44 75 117
44 76 116
44 77 115
44 78 114
44 79 113
44 80 112
44 81 111
44 82 110
44 83 109
44 84 108
44 85 107
44 86 106
44 87 105
44 88 104
44 89 103
44 90 102
44 91 101
44 92 100
44 93 99
44 94 98
44 95 97
44 96 96
44 97 95
44 98 94
44 99 93
44 100 92
44 101 91
44 102 90
44 103 89
44 104 88
44 105 87
44 106 86
44 107 85
44 108 84
44 109 83
44 110 82
44 111 81
44 112 80
44 113 79
44 114 78
44 115 77
44 116 76
44 117 75
44 118 74
44 119 73
44 120 72
44 121 71
44 122 70
44 123 69
44 124 68
44 125 67
44 126 66
44 127 65
44 128 64
44 129 63
44 130 62
44 131 61
44 132 60
44 133 59
44 134 58
44 135 57
44 136 56
44 137 55
44 138 54
44 139 53
44 140 52
44 141 51
44 142 50
44 143 49
44 144 48
44 145 47
44 146 46
44 147 45
44 148 44
44 149 43
44 150 42
44 151 41
44 152 40
44 153 39
44 154 38
44 155 37
44 156 36
44 157 35
44 158 34
44 159 33
44 160 32
44 161 31
44 162 30
44 163 29
44 164 28
44 165 27
44 166 26
44 167 25
44 168 24
44 169 23
44 170 22
44 171 21
44 172 20
44 173 19
44 174 18
44 175 17
44 176 16
44 177 15
44 178 14
44 179 13
44 180 12
44 181 11
44 182 10
44 183 9
44 184 8
44 185 7
44 186 6
44 187 5
44 188 4
44 189 3
44 190 2
44 191 1
44 192 0
45 1 157
45 2 156
45 3 155
45 4 154
45 5 153
45 6 152
45 7 151
45 8 150
45 9 149
45 10 148
45 11 147
45 12 146
45 13 145
45 14 144
45 15 143
45 16 142
45 17 141
45 18 140
45 19 139
45 20 138
45 21 137
45 22 136
45 23 135
45 24 134
45 25 133
45 26 132
45 27 131
45 28 130
45 29 129
45 30 128
45 31 127
45 32 126
45 33 125
45 34 124
45 35 123
45 36 122
45 37 121
45 38 120
45 39 119
45 40 118
45 41 117
45 42 116
45 43 115
45 44 114
45 45 113
45 46 112
45 47 111
45 48 110
45 49 109
45 50 108
45 51 107
45 52 106
45 53 105
45 54 104
45 55 103
45 56 102
45 57 101
45 58 100
45 59 99
45 60 98
45 61 97
45 62 96
45 63 95
45 64 94
45 65 93
45 66 92
45 67 91
45 68 90
45 69 89
45 70 88
45 71 87
45 72 86
45 73 85
45 74 84
45 75 83
45 76 82
45 77 81
45 78 80
45 79 79
45 80 78
45 81 77
45 82 76
45 83 75
45 84 74
45 85 73
45 86 72
45 87 71
45 88 70
45 89 69
45 90 68
45 91 67
45 92 66
45 93 65
45 94 64
45 95 63
45 96 62
45 97 61
45 98 60
45 99 59
45 100 58
45 101 57
45 102 56
45 103 55
45 104 54
45 105 53
45 106 52
45 107 51
45 108 50
45 109 49
45 110 48
45 111 47
45 112 46
45 113 45
45 114 44
45 115 43
45 116 42
45 117 41
45 118 40
45 119 39
45 120 38
45 121 37
45 122 36
45 123 35
45 124 34
45 125 33
45 126 32
45 127 31
45 128 30
45 129 29
45 130 28
45 131 27
45 132 26
45 133 25
45 134 24
45 135 23
45 136 22
45 137 21
45 138 20
45 139 19
45 140 18
45 141 17
45 142 16
45 143 15
45 144 14
45 145 13
45 146 12
45 147 11
45 148 10
45 149 9
45 150 8
45 151 7
45 152 6
45 153 5
45 154 4
45 155 3
45 156 2
45 157 1
45 158 0
50 1 197
50 2 196
50 3 195
50 4 194
50 5 193
50 6 192
50 7 191
50 8 190
50 9 189
50 10 188
50 11 187
50 12 186
50 13 185
50 14 184
50 15 183
50 16 182
50 17 181
50 18 180
50 19 179
50 20 178
50 21 177
50 22 176
50 23 175
50 24 174
50 25 173
50 26 172
50 27 171
50 28 170
50 29 169
50 30 168
50 31 167
50 32 166
50 33 165
50 34 164
50 35 163
50 36 162
50 37 161
50 38 160
50 39 159
50 40 158
50 41 157
50 42 156
50 43 155
50 44 154
50 45 153
50 46 152
50 47 151
50 48 150
50 49 149
50 50 148
50 51 147
50 52 146
50 53 145
50 54 144
50 55 143
50 56 142
50 57 141
50 58 140
50 59 139
50 60 138
50 61 137
50 62 136
50 63 135
50 64 134
50 65 133
50 66 132
50 67 131
50 68 130
50 69 129
50 70 128
50 71 127
50 72 126
50 73 125
50 74 124
50 75 123
50 76 122
50 77 121
50 78 120
50 79 119
50 80 118
50 81 117
50 82 116
50 83 115
50 84 114
50 85 113
50 86 112
50 87 111
50 88 110
50 89 109
50 90 108
50 91 107
50 92 106
50 93 105
50 94 104
50 95 103
50 96 102
50 97 101
50 98 100
50 99 99
50 100 98
50 101 97
50 102 96
50 103 95
50 104 94
50 105 93
50 106 92
50 107 91
50 108 90
50 109 89
50 110 88
50 111 87
50 112 86
50 113 85
50 114 84
50 115 83
50 116 82
50 117 81
50 118 80
50 119 79
50 120 78
50 121 77
50 122 76
50 123 75
50 124 74
50 125 73
50 126 72
50 127 71
50 128 70
50 129 69
50 130 68
50 131 67
50 132 66
50 133 65
50 134 64
50 135 63
50 136 62
50 137 61
50 138 60
50 139 59
50 140 58
50 141 57
50 142 56
50 143 55
50 144 54
50 145 53
50 146 52
50 147 51
50 148 50
50 149 49
50 150 48
50 151 47
50 152 46
50 153 45
50 154 44
50 155 43
50 156 42
50 157 41
50 158 40
50 159 39
50 160 38
50 161 37
50 162 36
50 163 35
50 164 34
50 165 33
50 166 32
50 167 31
50 168 30
50 169 29
50 170 28
50 171 27
50 172 26
50 173 25
50 174 24
50 175 23
50 176 22
50 177 21
50 178 20
50 179 19
50 180 18
50 181 17
50 182 16
50 183 15
50 184 14
50 185 13
50 186 12
50 187 11
50 188 10
50 189 9
50 190 8
50 191 7
50 192 6
50 193 5
50 194 4
50 195 3
50 196 2
50 197 1
50 198 0
53 1 194
53 2 193
53 3 192
53 4 191
53 5 190
53 6 189
53 7 188
53 8 187
53 9 186
53 10 185
53 11 184
53 12 183
53 13 182
53 14 181
53 15 180
53 16 179
53 17 178
53 18 177
53 19 176
53 20 175
53 21 174
53 22 173
53 23 172
53 24 171
53 25 170
53 26 169
53 27 168
53 28 167
53 29 166
53 30 165
53 31 164
53 32 163
53 33 162
53 34 161
53 35 160
53 36 159
53 37 158
53 38 157
53 39 156
53 40 155
53 41 154
53 42 153
53 43 152
53 44 151
53 45 150
53 46 149
53 47 148
53 48 147
53 49 146
53 50 145
53 51 144
53 52 143
53 53 142
53 54 141
53 55 140
53 56 139
53 57 138
53 58 137
53 59 136
53 60 135
53 61 134
53 62 133
53 63 132
53 64 131
53 65 130
53 66 129
53 67 128
53 68 127
53 69 126
53 70 125
53 71 124
53 72 123
53 73 122
53 74 121
53 75 120
53 76 119
53 77 118
53 78 117
53 79 116
53 80 115
53 81 114
53 82 113
53 83 112
53 84 111
53 85 110
53 86 109
53 87 108
53 88 107
53 89 106
53 90 105
53 91 104
53 92 103
53 93 102
53 94 101
53 95 100
53 96 99
53 97 98
53 98 97
53 99 96
53 100 95
53 101 94
53 102 93
53 103 92
53 104 91
53 105 90
53 106 89
53 107 88
53 108 87
53 109 86
53 110 85
53 111 84
53 112 83
53 113 82
53 114 81
53 115 80
53 116 79
53 117 78
53 118 77
53 119 76
53 120 75
53 121 74
53 122 73
53 123 72
53 124 71
53 125 70
53 126 69
53 127 68
53 128 67
53 129 66
53 130 65
53 131 64
53 132 63
53 133 62
53 134 61
53 135 60
53 136 59
53 137 58
53 138 57
53 139 56
53 140 55
53 141 54
53 142 53
53 143 52
53 144 51
53 145 50
53 146 49
53 147 48
53 148 47
53 149 46
53 150 45
53 151 44
53 152 43
53 153 42
53 154 41
53 155 40
53 156 39
53 157 38
53 158 37
53 159 36
53 160 35
53 161 34
53 162 33
53 163 32
53 164 31
53 165 30
53 166 29
53 167 28
53 168 27
53 169 26
53 170 25
53 171 24
53 172 23
53 173 22
53 174 21
53 175 20
53 176 19
53 177 18
53 178 17
53 179 16
53 180 15
53 181 14
53 182 13
53 183 12
53 184 11
53 185 10
53 186 9
53 187 8
53 188 7
53 189 6
53 190 5
53 191 4
53 192 3
53 193 2
53 194 1
53 195 0
55 1 192
55 2 191
55 3 190
55 4 189
55 5 188
55 6 187
55 7 186
55 8 185
55 9 184
55 10 183
55 11 182
55 12 181
55 13 180
55 14 179
55 15 178
55 16 177
55 17 176
55 18 175
55 19 174
55 20 173
55 21 172
55 22 171
55 23 170
55 24 169
55 25 168
55 26 167
55 27 166
55 28 165
55 29 164
55 30 163
55 31 162
55 32 161
55 33 160
55 34 159
55 35 158
55 36 157
55 37 156
55 38 155
55 39 154
55 40 153
55 41 152
55 42 151
55 43 150
55 44 149
55 45 148
55 46 147
55 47 146
55 48 145
55 49 144
55 50 143
55 51 142
55 52 141
55 53 140
55 54 139
55 55 138
55 56 137
55 57 136
55 58 135
55 59 134
55 60 133
55 61 132
55 62 131
55 63 130
55 64 129
55 65 128
55 66 127
55 67 126
55 68 125
55 69 124
55 70 123
55 71 122
55 72 121
55 73 120
55 74 119
55 75 118
55 76 117
55 77 116
55 78 115
55 79 114
55 80 113
55 81 112
55 82 111
55 83 110
55 84 109
55 85 108
55 86 107
55 87 106
55 88 105
55 89 104
55 90 103
55 91 102
55 92 101
55 93 100
55 94 99
55 95 98
55 96 97
55 97 96
55 98 95
55 99 94
55 100 93
55 101 92
55 102 91
55 103 90
55 104 89
55 105 88
55 106 87
55 107 86
55 108 85
55 109 84
55 110 83
55 111 82
55 112 81
55 113 80
55 114 79
55 115 78
55 116 77
55 117 76
55 118 75
55 119 74
55 120 73
55 121 72
55 122 71
55 123 70
55 124 69
55 125 68
55 126 67
55 127 66
55 128 65
55 129 64
55 130 63
55 131 62
55 132 61
55 133 60
55 134 59
55 135 58
55 136 57
55 137 56
55 138 55
55 139 54
55 140 53
55 141 52
55 142 51
55 143 50
55 144 49
55 145 48
55 146 47
55 147 46
55 148 45
55 149 44
55 150 43
55 151 42
55 152 41
55 153 40
55 154 39
55 155 38
55 156 37
55 157 36
55 158 35
55 159 34
55 160 33
55 161 32
55 162 31
55 163 30
55 164 29
55 165 28
55 166 27
55 167 26
55 168 25
55 169 24
55 170 23
55 171 22
55 172 21
55 173 20
55 174 19
55 175 18
55 176 17
55 177 16
55 178 15
55 179 14
55 180 13
55 181 12
55 182 11
55 183 10
55 184 9
55 185 8
55 186 7
55 187 6
55 188 5
55 189 4
55 190 3
55 191 2
55 192 1
55 193 0
57 1 136
57 2 135
57 3 134
57 4 133
57 5 132
57 6 131
57 7 130
57 8 129
57 9 128
57 10 127
57 11 126
57 12 125
57 13 124
57 14 123
57 15 122
57 16 121
57 17 120
57 18 119
57 19 118
57 20 117
57 21 116
57 22 115
57 23 114
57 24 113
57 25 112
57 26 111
57 27 110
57 28 109
57 29 108
57 30 107
57 31 106
57 32 105
57 33 104
57 34 103
57 35 102
57 36 101
57 37 100
57 38 99
57 39 98
57 40 97
57 41 96
57 42 95
57 43 94
57 44 93
57 45 92
57 46 91
57 47 90
57 48 89
57 49 88
57 50 87
57 51 86
57 52 85
57 53 84
57 54 83
57 55 82
57 56 81
57 57 80
57 58 79
57 59 78
57 60 77
57 61 76
57 62 75
57 63 74
57 64 73
57 65 72
57 66 71
57 67 70
57 68 69
57 69 68
57 70 67
57 71 66
57 72 65
57 73 64
57 74 63
57 75 62
57 76 61
57 77 60
57 78 59
57 79 58
57 80 57
57 81 56
57 82 55
57 83 54
57 84 53
57 85 52
57 86 51
57 87 50
57 88 49
57 89 48
57 90 47
57 91 46
57 92 45
57 93 44
57 94 43
57 95 42
57 96 41
57 97 40
57 98 39
57 99 38
57 100 37
57 101 36
57 102 35
57 103 34
57 104 33
57 105 32
57 106 31
57 107 30
57 108 29
57 109 28
57 110 27
57 111 26
57 112 25
57 113 24
57 114 23
57 115 22
57 116 21
57 117 20
57 118 19
57 119 18
57 120 17
57 121 16
57 122 15
57 123 14
57 124 13
57 125 12
57 126 11
57 127 10
57 128 9
57 129 8
57 130 7
57 131 6
57 132 5
57 133 4
57 134 3
57 135 2
57 136 1
57 137 0
58 1 146
58 2 145
58 3 144
58 4 143
58 5 142
58 6 141
58 7 140
58 8 139
58 9 138
58 10 137
58 11 136
58 12 135
58 13 134
58 14 133
58 15 132
58 16 131
58 17 130
58 18 129
58 19 128
58 20 127
58 21 126
58 22 125
58 23 124
58 24 123
58 25 122
58 26 121
58 27 120
58 28 119
58 29 118
58 30 117
58 31 116
58 32 115
58 33 114
58 34 113
58 35 112
58 36 111
58 37 110
58 38 109
58 39 108
58 40 107
58 41 106
58 42 105
58 43 104
58 44 103
58 45 102
58 46 101
58 47 100
58 48 99
58 49 98
58 50 97
58 51 96
58 52 95
58 53 94
58 54 93
58 55 92
58 56 91
58 57 90
58 58 89
58 59 88
58 60 87
58 61 86
58 62 85
58 63 84
58 64 83
58 65 82
58 66 81
58 67 80
58 68 79
58 69 78
58 70 77
58 71 76
58 72 75
58 73 74
58 74 73
58 75 72
58 76 71
58 77 70
58 78 69
58 79 68
58 80 67
58 81 66
58 82 65
58 83 64
58 84 63
58 85 62
58 86 61
58 87 60
58 88 59
58 89 58
58 90 57
58 91 56
58 92 55
58 93 54
58 94 53
58 95 52
58 96 51
58 97 50
58 98 49
58 99 48
58 100 47
58 101 46
58 102 45
58 103 44
58 104 43
58 105 42
58 106 41
58 107 40
58 108 39
58 109 38
58 110 37
58 111 36
58 112 35
58 113 34
58 114 33
58 115 32
58 116 31
58 117 30
58 118 29
58 119 28
58 120 27
58 121 26
58 122 25
58 123 24
58 124 23
58 125 22
58 126 21
58 127 20
58 128 19
58 129 18
58 130 17
58 131 16
58 132 15
58 133 14
58 134 13
58 135 12
58 136 11
58 137 10
58 138 9
58 139 8
58 140 7
58 141 6
58 142 5
58 143 4
58 144 3
58 145 2
58 146 1
58 147 0
60 1 171
60 2 170
60 3 169
60 4 168
60 5 167
60 6 166
60 7 165
60 8 164
60 9 163
60 10 162
60 11 161
60 12 160
60 13 159
60 14 158
60 15 157
60 16 156
60 17 155
60 18 154
60 19 153
60 20 152
60 21 151
60 22 150
60 23 149
60 24 148
60 25 147
60 26 146
60 27 145
60 28 144
60 29 143
60 30 142
60 31 141
60 32 140
60 33 139
60 34 138
60 35 137
60 36 136
60 37 135
60 38 134
60 39 133
60 40 132
60 41 131
60 42 130
60 43 129
60 44 128
60 45 127
60 46 126
60 47 125
60 48 124
60 49 123
60 50 122
60 51 121
60 52 120
60 53 119
60 54 118
60 55 117
60 56 116
60 57 115
60 58 114
60 59 113
60 60 112
60 61 111
60 62 110
60 63 109
60 64 108
60 65 107
60 66 106
60 67 105
60 68 104
60 69 103
60 70 102
60 71 101
60 72 100
60 73 99
60 74 98
60 75 97
60 76 96
60 77 95
60 78 94
60 79 93
60 80 92
60 81 91
60 82 90
60 83 89
60 84 88
60 85 87
60 86 86
60 87 85
60 88 84
60 89 83
60 90 82
60 91 81
60 92 80
60 93 79
60 94 78
60 95 77
60 96 76
60 97 75
60 98 74
60 99 73
60 100 72
60 101 71
60 102 70
60 103 69
60 104 68
60 105 67
60 106 66
60 107 65
60 108 64
60 109 63
60 110 62
60 111 61
60 112 60
60 113 59
60 114 58
60 115 57
60 116 56
60 117 55
60 118 54
60 119 53
60 120 52
60 121 51
60 122 50
60 123 49
60 124 48
60 125 47
60 126 46
60 127 45
60 128 44
60 129 43
60 130 42
60 131 41
60 132 40
60 133 39
60 134 38
60 135 37
60 136 36
60 137 35
60 138 34
60 139 33
60 140 32
60 141 31
60 142 30
60 143 29
60 144 28
60 145 27
60 146 26
60 147 25
60 148 24
60 149 23
60 150 22
60 151 21
60 152 20
60 153 19
60 154 18
60 155 17
60 156 16
60 157 15
60 158 14
60 159 13
60 160 12
60 161 11
60 162 10
60 163 9
60 164 8
60 165 7
60 166 6
60 167 5
60 168 4
60 169 3
60 170 2
60 171 1
60 172 0
61 1 184
61 2 183
61 3 182
61 4 181
61 5 180
61 6 179
61 7 178
61 8 177
61 9 176
61 10 175
61 11 174
61 12 173
61 13 172
61 14 171
61 15 170
61 16 169
61 17 168
61 18 167
61 19 166
61 20 165
61 21 164
61 22 163
61 23 162
61 24 161
61 25 160
61 26 159
61 27 158
61 28 157
61 29 156
61 30 155
61 31 154
61 32 153
61 33 152
61 34 151
61 35 150
61 36 149
61 37 148
61 38 147
61 39 146
61 40 145
61 41 144
61 42 143
61 43 142
61 44 141
61 45 140
61 46 139
61 47 138
61 48 137
61 49 136
61 50 135
61 51 134
61 52 133
61 53 132
61 54 131
61 55 130
61 56 129
61 57 128
61 58 127
61 59 126
61 60 125
61 61 124
61 62 123
61 63 122
61 64 121
61 65 120
61 66 119
61 67 118
61 68 117
61 69 116
61 70 115
61 71 114
61 72 113
61 73 112
61 74 111
61 75 110
61 76 109
61 77 108
61 78 107
61 79 106
61 80 105
61 81 104
61 82 103
61 83 102
61 84 101
61 85 100
61 86 99
61 87 98
61 88 97
61 89 96
61 90 95
61 91 94
61 92 93
61 93 92
61 94 91
61 95 90
61 96 89
61 97 88
61 98 87
61 99 86
61 100 85
61 101 84
61 102 83
61 103 82
61 104 81
61 105 80
61 106 79
61 107 78
61 108 77
61 109 76
61 110 75
61 111 74
61 112 73
61 113 72
61 114 71
61 115 70
61 116 69
61 117 68
61 118 67
61 119 66
61 120 65
61 121 64
61 122 63
61 123 62
61 124 61
61 125 60
61 126 59
61 127 58
61 128 57
61 129 56
61 130 55
61 131 54
61 132 53
61 133 52
61 134 51
61 135 50
61 136 49
61 137 48
61 138 47
61 139 46
61 140 45
61 141 44
61 142 43
61 143 42
61 144 41
61 145 40
61 146 39
61 147 38
61 148 37
61 149 36
61 150 35
61 151 34
61 152 33
61 153 32
61 154 31
61 155 30
61 156 29
61 157 28
61 158 27
61 159 26
61 160 25
61 161 24
61 162 23
61 163 22
61 164 21
61 165 20
61 166 19
61 167 18
61 168 17
61 169 16
61 170 15
61 171 14
61 172 13
61 173 12
61 174 11
61 175 10
61 176 9
61 177 8
61 178 7
61 179 6
61 180 5
61 181 4
61 182 3
61 183 2
61 184 1
61 185 0
62 1 179
62 2 178
62 3 177
62 4 176
62 5 175
62 6 174
62 7 173
62 8 172
62 9 171
62 10 170
62 11 169
62 12 168
62 13 167
62 14 166
62 15 165
62 16 164
62 17 163
62 18 162
62 19 161
62 20 160
62 21 159
62 22 158
62 23 157
62 24 156
62 25 155
62 26 154
62 27 153
62 28 152
62 29 151
62 30 150
62 31 149
62 32 148
62 33 147
62 34 146
62 35 145
62 36 144
62 37 143
62 38 142
62 39 141
62 40 140
62 41 139
62 42 138
62 43 137
62 44 136
62 45 135
62 46 134
62 47 133
62 48 132
62 49 131
62 50 130
62 51 129
62 52 128
62 53 127
62 54 126
62 55 125
62 56 124
62 57 123
62 58 122
62 59 121
62 60 120
62 61 119
62 62 118
62 63 117
62 64 116
62 65 115
62 66 114
62 67 113
62 68 112
62 69 111
62 70 110
62 71 109
62 72 108
62 73 107
62 74 106
62 75 105
62 76 104
62 77 103
62 78 102
62 79 101
62 80 100
62 81 99
62 82 98
62 83 97
62 84 96
62 85 95
62 86 94
62 87 93
62 88 92
62 89 91
62 90 90
62 91 89
62 92 88
62 93 87
62 94 86
62 95 85
62 96 84
62 97 83
62 98 82
62 99 81
62 100 80
62 101 79
62 102 78
62 103 77
62 104 76
62 105 75
62 106 74
62 107 73
62 108 72
62 109 71
62 110 70
62 111 69
62 112 68
62 113 67
62 114 66
62 115 65
62 116 64
62 117 63
62 118 62
62 119 61
62 120 60
62 121 59
62 122 58
62 123 57
62 124 56
62 125 55
62 126 54
62 127 53
62 128 52
62 129 51
62 130 50
62 131 49
62 132 48
62 133 47
62 134 46
62 135 45
62 136 44
62 137 43
62 138 42
62 139 41
62 140 40
62 141 39
62 142 38
62 143 37
62 144 36
62 145 35
62 146 34
62 147 33
62 148 32
62 149 31
62 150 30
62 151 29
62 152 28
62 153 27
62 154 26
62 155 25
62 156 24
62 157 23
62 158 22
62 159 21
62 160 20
62 161 19
62 162 18
62 163 17
62 164 16
62 165 15
62 166 14
62 167 13
62 168 12
62 169 11
62 170 10
62 171 9
62 172 8
62 173 7
62 174 6
62 175 5
62 176 4
62 177 3
62 178 2
62 179 1
62 180 0
63 1 173
63 2 172
63 3 171
63 4 170
63 5 169
63 6 168
63 7 167
63 8 166
63 9 165
63 10 164
63 11 163
63 12 162
63 13 161
63 14 160
63 15 159
63 16 158
63 17 157
63 18 156
63 19 155
63 20 154
63 21 153
63 22 152
63 23 151
63 24 150
63 25 149
63 26 148
63 27 147
63 28 146
63 29 145
63 30 144
63 31 143
63 32 142
63 33 141
63 34 140
63 35 139
63 36 138
63 37 137
63 38 136
63 39 135
63 40 134
63 41 133
63 42 132
63 43 131
63 44 130
63 45 129
63 46 128
63 47 127
63 48 126
63 49 125
63 50 124
63 51 123
63 52 122
63 53 121
63 54 120
63 55 119
63 56 118
63 57 117
63 58 116
63 59 115
63 60 114
63 61 113
63 62 112
63 63 111
63 64 110
63 65 109
63 66 108
63 67 107
63 68 106
63 69 105
63 70 104
63 71 103
63 72 102
63 73 101
63 74 100
63 75 99
63 76 98
63 77 97
63 78 96
63 79 95
63 80 94
63 81 93
63 82 92
63 83 91
63 84 90
63 85 89
63 86 88
63 87 87
63 88 86
63 89 85
63 90 84
63 91 83
63 92 82
63 93 81
63 94 80
63 95 79
63 96 78
63 97 77
63 98 76
63 99 75
63 100 74
63 101 73
63 102 72
63 103 71
63 104 70
63 105 69
63 106 68
63 107 67
63 108 66
63 109 65
63 110 64
63 111 63
63 112 62
63 113 61
63 114 60
63 115 59
63 116 58
63 117 57
63 118 56
63 119 55
63 120 54
63 121 53
63 122 52
63 123 51
63 124 50
63 125 49
63 126 48
63 127 47
63 128 46
63 129 45
63 130 44
63 131 43
63 132 42
63 133 41
63 134 40
63 135 39
63 136 38
63 137 37
63 138 36
63 139 35
63 140 34
63 141 33
63 142 32
63 143 31
63 144 30
63 145 29
63 146 28
63 147 27
63 148 26
63 149 25
63 150 24
63 151 23
63 152 22
63 153 21
63 154 20
63 155 19
63 156 18
63 157 17
63 158 16
63 159 15
63 160 14
63 161 13
63 162 12
63 163 11
63 164 10
63 165 9
63 166 8
63 167 7
63 168 6
63 169 5
63 170 4
63 171 3
63 172 2
63 173 1
63 174 0
65 1 152
65 2 151
65 3 150
65 4 149
65 5 148
65 6 147
65 7 146
65 8 145
65 9 144
65 10 143
65 11 142
65 12 141
65 13 140
65 14 139
65 15 138
65 16 137
65 17 136
65 18 135
65 19 134
65 20 133
65 21 132
65 22 131
65 23 130
65 24 129
65 25 128
65 26 127
65 27 126
65 28 125
65 29 124
65 30 123
65 31 122
65 32 121
65 33 120
65 34 119
65 35 118
65 36 117
65 37 116
65 38 115
65 39 114
65 40 113
65 41 112
65 42 111
65 43 110
65 44 109
65 45 108
65 46 107
65 47 106
65 48 105
65 49 104
65 50 103
65 51 102
65 52 101
65 53 100
65 54 99
65 55 98
65 56 97
65 57 96
65 58 95
65 59 94
65 60 93
65 61 92
65 62 91
65 63 90
65 64 89
65 65 88
65 66 87
65 67 86
65 68 85
65 69 84
65 70 83
65 71 82
65 72 81
65 73 80
65 74 79
65 75 78
65 76 77
65 77 76
65 78 75
65 79 74
65 80 73
65 81 72
65 82 71
65 83 70
65 84 69
65 85 68
65 86 67
65 87 66
65 88 65
65 89 64
65 90 63
65 91 62
65 92 61
65 93 60
65 94 59
65 95 58
65 96 57
65 97 56
65 98 55
65 99 54
65 100 53
65 101 52
65 102 51
65 103 50
65 104 49
65 105 48
65 106 47
65 107 46
65 108 45
65 109 44
65 110 43
65 111 42
65 112 41
65 113 40
65 114 39
65 115 38
65 116 37
65 117 36
65 118 35
65 119 34
65 120 33
65 121 32
65 122 31
65 123 30
65 124 29
65 125 28
65 126 27
65 127 26
65 128 25
65 129 24
65 130 23
65 131 22
65 132 21
65 133 20
65 134 19
65 135 18
65 136 17
65 137 16
65 138 15
65 139 14
65 140 13
65 141 12
65 142 11
65 143 10
65 144 9
65 145 8
65 146 7
65 147 6
65 148 5
65 149 4
65 150 3
65 151 2
65 152 1
65 153 0
66 1 201
66 2 200
66 3 199
66 4 198
66 5 197
66 6 196
66 7 195
66 8 194
66 9 193
66 10 192
66 11 191
66 12 190
66 13 189
66 14 188
66 15 187
66 16 186
66 17 185
66 18 184
66 19 183
66 20 182
66 21 181
66 22 180
66 23 179
66 24 178
66 25 177
66 26 176
66 27 175
66 28 174
66 29 173
66 30 172
66 31 171
66 32 170
66 33 169
66 34 168
66 35 167
66 36 166
66 37 165
66 38 164
66 39 163
66 40 162
66 41 161
66 42 160
66 43 159
66 44 158
66 45 157
66 46 156
66 47 155
66 48 154
66 49 153
66 50 152
66 51 151
66 52 150
66 53 149
66 54 148
66 55 147
66 56 146
66 57 145
66 58 144
66 59 143
66 60 142
66 61 141
66 62 140
66 63 139
66 64 138
66 65 137
66 66 136
66 67 135
66 68 134
66 69 133
66 70 132
66 71 131
66 72 130
66 73 129
66 74 128
66 75 127
66 76 126
66 77 125
66 78 124
66 79 123
66 80 122
66 81 121
66 82 120
66 83 119
66 84 118
66 85 117
66 86 116
66 87 115
66 88 114
66 89 113
66 90 112
66 91 111
66 92 110
66 93 109
66 94 108
66 95 107
66 96 106
66 97 105
66 98 104
66 99 103
66 100 102
66 101 101
66 102 100
66 103 99
66 104 98
66 105 97
66 106 96
66 107 95
66 108 94
66 109 93
66 110 92
66 111 91
66 112 90
66 113 89
66 114 88
66 115 87
66 116 86
66 117 85
66 118 84
66 119 83
66 120 82
66 121 81
66 122 80
66 123 79
66 124 78
66 125 77
66 126 76
66 127 75
66 128 74
66 129 73
66 130 72
66 131 71
66 132 70
66 133 69
66 134 68
66 135 67
66 136 66
66 137 65
66 138 64
66 139 63
66 140 62
66 141 61
66 142 60
66 143 59
66 144 58
66 145 57
66 146 56
66 147 55
66 148 54
66 149 53
66 150 52
66 151 51
66 152 50
66 153 49
66 154 48
66 155 47
66 156 46
66 157 45
66 158 44
66 159 43
66 160 42
66 161 41
66 162 40
66 163 39
66 164 38
66 165 37
66 166 36
66 167 35
66 168 34
66 169 33
66 170 32
66 171 31
66 172 30
66 173 29
66 174 28
66 175 27
66 176 26
66 177 25
66 178 24
66 179 23
66 180 22
66 181 21
66 182 20
66 183 19
66 184 18
66 185 17
66 186 16
66 187 15
66 188 14
66 189 13
66 190 12
66 191 11
66 192 10
66 193 9
66 194 8
66 195 7
66 196 6
66 197 5
66 198 4
66 199 3
66 200 2
66 201 1
66 202 0
68 1 198
68 2 197
68 3 196
68 4 195
68 5 194
68 6 193
68 7 192
68 8 191
68 9 190
68 10 189
68 11 188
68 12 187
68 13 186
68 14 185
68 15 184
68 16 183
68 17 182
68 18 181
68 19 180
68 20 179
68 21 178
68 22 177
68 23 176
68 24 175
68 25 174
68 26 173
68 27 172
68 28 171
68 29 170
68 30 169
68 31 168
68 32 167
68 33 166
68 34 165
68 35 164
68 36 163
68 37 162
68 38 161
68 39 160
68 40 159
68 41 158
68 42 157
68 43 156
68 44 155
68 45 154
68 46 153
68 47 152
68 48 151
68 49 150
68 50 149
68 51 148
68 52 147
68 53 146
68 54 145
68 55 144
68 56 143
68 57 142
68 58 141
68 59 140
68 60 139
68 61 138
68 62 137
68 63 136
68 64 135
68 65 134
68 66 133
68 67 132
68 68 131
68 69 130
68 70 129
68 71 128
68 72 127
68 73 126
68 74 125
68 75 124
68 76 123
68 77 122
68 78 121
68 79 120
68 80 119
68 81 118
68 82 117
68 83 116
68 84 115
68 85 114
68 86 113
68 87 112
68 88 111
68 89 110
68 90 109
68 91 108
68 92 107
68 93 106
68 94 105
68 95 104
68 96 103
68 97 102
68 98 101
68 99 100
68 100 99
68 101 98
68 102 97
68 103 96
68 104 95
68 105 94
68 106 93
68 107 92
68 108 91
68 109 90
68 110 89
68 111 88
68 112 87
68 113 86
68 114 85
68 115 84
68 116 83
68 117 82
68 118 81
68 119 80
68 120 79
68 121 78
68 122 77
68 123 76
68 124 75
68 125 74
68 126 73
68 127 72
68 128 71
68 129 70
68 130 69
68 131 68
68 132 67
68 133 66
68 134 65
68 135 64
68 136 63
68 137 62
68 138 61
68 139 60
68 140 59
68 141 58
68 142 57
68 143 56
68 144 55
68 145 54
68 146 53
68 147 52
68 148 51
68 149 50
68 150 49
68 151 48
68 152 47
68 153 46
68 154 45
68 155 44
68 156 43
68 157 42
68 158 41
68 159 40
68 160 39
68 161 38
68 162 37
68 163 36
68 164 35
68 165 34
68 166 33
68 167 32
68 168 31
68 169 30
68 170 29
68 171 28
68 172 27
68 173 26
68 174 25
68 175 24
68 176 23
68 177 22
68 178 21
68 179 20
68 180 19
68 181 18
68 182 17
68 183 16
68 184 15
68 185 14
68 186 13
68 187 12
68 188 11
68 189 10
68 190 9
68 191 8
68 192 7
68 193 6
68 194 5
68 195 4
68 196 3
68 197 2
68 198 1
68 199 0
70 1 136
70 2 135
70 3 134
70 4 133
70 5 132
70 6 131
70 7 130
70 8 129
70 9 128
70 10 127
70 11 126
70 12 125
70 13 124
70 14 123
70 15 122
70 16 121
70 17 120
70 18 119
70 19 118
70 20 117
70 21 116
70 22 115
70 23 114
70 24 113
70 25 112
70 26 111
70 27 110
70 28 109
70 29 108
70 30 107
70 31 106
70 32 105
70 33 104
70 34 103
70 35 102
70 36 101
70 37 100
70 38 99
70 39 98
70 40 97
70 41 96
70 42 95
70 43 94
70 44 93
70 45 92
70 46 91
70 47 90
70 48 89
70 49 88
70 50 87
70 51 86
70 52 85
70 53 84
70 54 83
70 55 82
70 56 81
70 57 80
70 58 79
70 59 78
70 60 77
70 61 76
70 62 75
70 63 74
70 64 73
70 65 72
70 66 71
70 67 70
70 68 69
70 69 68
70 70 67
70 71 66
70 72 65
70 73 64
70 74 63
70 75 62
70 76 61
70 77 60
70 78 59
70 79 58
70 80 57
70 81 56
70 82 55
70 83 54
70 84 53
70 85 52
70 86 51
70 87 50
70 88 49
70 89 48
70 90 47
70 91 46
70 92 45
70 93 44
70 94 43
70 95 42
70 96 41
70 97 40
70 98 39
70 99 38
70 100 37
70 101 36
70 102 35
70 103 34
70 104 33
70 105 32
70 106 31
70 107 30
70 108 29
70 109 28
70 110 27
70 111 26
70 112 25
70 113 24
70 114 23
70 115 22
70 116 21
70 117 20
70 118 19
70 119 18
70 120 17
70 121 16
70 122 15
70 123 14
70 124 13
70 125 12
70 126 11
70 127 10
70 128 9
70 129 8
70 130 7
70 131 6
70 132 5
70 133 4
70 134 3
70 135 2
70 136 1
70 137 0
74 1 165
74 2 164
74 3 163
74 4 162
74 5 161
74 6 160
74 7 159
74 8 158
74 9 157
74 10 156
74 11 155
74 12 154
74 13 153
74 14 152
74 15 151
74 16 150
74 17 149
74 18 148
74 19 147
74 20 146
74 21 145
74 22 144
74 23 143
74 24 142
74 25 141
74 26 140
74 27 139
74 28 138
74 29 137
74 30 136
74 31 135
74 32 134
74 33 133
74 34 132
74 35 131
74 36 130
74 37 129
74 38 128
74 39 127
74 40 126
74 41 125
74 42 124
74 43 123
74 44 122
74 45 121
74 46 120
74 47 119
74 48 118
74 49 117
74 50 116
74 51 115
74 52 114
74 53 113
74 54 112
74 55 111
74 56 110
74 57 109
74 58 108
74 59 107
74 60 106
74 61 105
74 62 104
74 63 103
74 64 102
74 65 101
74 66 100
74 67 99
74 68 98
74 69 97
74 70 96
74 71 95
74 72 94
74 73 93
74 74 92
74 75 91
74 76 90
74 77 89
74 78 88
74 79 87
74 80 86
74 81 85
74 82 84
74 83 83
74 84 82
74 85 81
74 86 80
74 87 79
74 88 78
74 89 77
74 90 76
74 91 75
74 92 74
74 93 73
74 94 72
74 95 71
74 96 70
74 97 69
74 98 68
74 99 67
74 100 66
74 101 65
74 102 64
74 103 63
74 104 62
74 105 61
74 106 60
74 107 59
74 108 58
74 109 57
74 110 56
74 111 55
74 112 54
74 113 53
74 114 52
74 115 51
74 116 50
74 117 49
74 118 48
74 119 47
74 120 46
74 121 45
74 122 44
74 123 43
74 124 42
74 125 41
74 126 40
74 127 39
74 128 38
74 129 37
74 130 36
74 131 35
74 132 34
74 133 33
74 134 32
74 135 31
74 136 30
74 137 29
74 138 28
74 139 27
74 140 26
74 141 25
74 142 24
74 143 23
74 144 22
74 145 21
74 146 20
74 147 19
74 148 18
74 149 17
74 150 16
74 151 15
74 152 14
74 153 13
74 154 12
74 155 11
74 156 10
74 157 9
74 158 8
74 159 7
74 160 6
74 161 5
74 162 4
74 163 3
74 164 2
74 165 1
74 166 0
77 1 153
77 2 152
77 3 151
77 4 150
77 5 149
77 6 148
77 7 147
77 8 146
77 9 145
77 10 144
77 11 143
77 12 142
77 13 141
77 14 140
77 15 139
77 16 138
77 17 137
77 18 136
77 19 135
77 20 134
77 21 133
77 22 132
77 23 131
77 24 130
77 25 129
77 26 128
77 27 127
77 28 126
77 29 125
77 30 124
77 31 123
77 32 122
77 33 121
77 34 120
77 35 119
77 36 118
77 37 117
77 38 116
77 39 115
77 40 114
77 41 113
77 42 112
77 43 111
77 44 110
77 45 109
77 46 108
77 47 107
77 48 106
77 49 105
77 50 104
77 51 103
77 52 102
77 53 101
77 54 100
77 55 99
77 56 98
77 57 97
77 58 96
77 59 95
77 60 94
77 61 93
77 62 92
77 63 91
77 64 90
77 65 89
77 66 88
77 67 87
77 68 86
77 69 85
77 70 84
77 71 83
77 72 82
77 73 81
77 74 80
77 75 79
77 76 78
77 77 77
77 78 76
77 79 75
77 80 74
77 81 73
77 82 72
77 83 71
77 84 70
77 85 69
77 86 68
77 87 67
77 88 66
77 89 65
77 90 64
77 91 63
77 92 62
77 93 61
77 94 60
77 95 59
77 96 58
77 97 57
77 98 56
77 99 55
77 100 54
77 101 53
77 102 52
77 103 51
77 104 50
77 105 49
77 106 48
77 107 47
77 108 46
77 109 45
77 110 44
77 111 43
77 112 42
77 113 41
77 114 40
77 115 39
77 116 38
77 117 37
77 118 36
77 119 35
77 120 34
77 121 33
77 122 32
77 123 31
77 124 30
77 125 29
77 126 28
77 127 27
77 128 26
77 129 25
77 130 24
77 131 23
77 132 22
77 133 21
77 134 20
77 135 19
77 136 18
77 137 17
77 138 16
77 139 15
77 140 14
77 141 13
77 142 12
77 143 11
77 144 10
77 145 9
77 146 8
77 147 7
77 148 6
77 149 5
77 150 4
77 151 3
77 152 2
77 153 1
77 154 0
79 1 198
79 2 197
79 3 196
79 4 195
79 5 194
79 6 193
79 7 192
79 8 191
79 9 190
79 10 189
79 11 188
79 12 187
79 13 186
79 14 185
79 15 184
79 16 183
79 17 182
79 18 181
79 19 180
79 20 179
79 21 178
79 22 177
79 23 176
79 24 175
79 25 174
79 26 173
79 27 172
79 28 171
79 29 170
79 30 169
79 31 168
79 32 167
79 33 166
79 34 165
79 35 164
79 36 163
79 37 162
79 38 161
79 39 160
79 40 159
79 41 158
79 42 157
79 43 156
79 44 155
79 45 154
79 46 153
79 47 152
79 48 151
79 49 150
79 50 149
79 51 148
79 52 147
79 53 146
79 54 145
79 55 144
79 56 143
79 57 142
79 58 141
79 59 140
79 60 139
79 61 138
79 62 137
79 63 136
79 64 135
79 65 134
79 66 133
79 67 132
79 68 131
79 69 130
79 70 129
79 71 128
79 72 127
79 73 126
79 74 125
79 75 124
79 76 123
79 77 122
79 78 121
79 79 120
79 80 119
79 81 118
79 82 117
79 83 116
79 84 115
79 85 114
79 86 113
79 87 112
79 88 111
79 89 110
79 90 109
79 91 108
79 92 107
79 93 106
79 94 105
79 95 104
79 96 103
79 97 102
79 98 101
79 99 100
79 100 99
79 101 98
79 102 97
79 103 96
79 104 95
79 105 94
79 106 93
79 107 92
79 108 91
79 109 90
79 110 89
79 111 88
79 112 87
79 113 86
79 114 85
79 115 84
79 116 83
79 117 82
79 118 81
79 119 80
79 120 79
79 121 78
79 122 77
79 123 76
79 124 75
79 125 74
79 126 73
79 127 72
79 128 71
79 129 70
79 130 69
79 131 68
79 132 67
79 133 66
79 134 65
79 135 64
79 136 63
79 137 62
79 138 61
79 139 60
79 140 59
79 141 58
79 142 57
79 143 56
79 144 55
79 145 54
79 146 53
79 147 52
79 148 51
79 149 50
79 150 49
79 151 48
79 152 47
79 153 46
79 154 45
79 155 44
79 156 43
79 157 42
79 158 41
79 159 40
79 160 39
79 161 38
79 162 37
79 163 36
79 164 35
79 165 34
79 166 33
79 167 32
79 168 31
79 169 30
79 170 29
79 171 28
79 172 27
79 173 26
79 174 25
79 175 24
79 176 23
79 177 22
79 178 21
79 179 20
79 180 19
79 181 18
79 182 17
79 183 16
79 184 15
79 185 14
79 186 13
79 187 12
79 188 11
79 189 10
79 190 9
79 191 8
79 192 7
79 193 6
79 194 5
79 195 4
79 196 3
79 197 2
79 198 1
79 199 0
80 1 184
80 2 183
80 3 182
80 4 181
80 5 180
80 6 179
80 7 178
80 8 177
80 9 176
80 10 175
80 11 174
80 12 173
80 13 172
80 14 171
80 15 170
80 16 169
80 17 168
80 18 167
80 19 166
80 20 165
80 21 164
80 22 163
80 23 162
80 24 161
80 25 160
80 26 159
80 27 158
80 28 157
80 29 156
80 30 155
80 31 154
80 32 153
80 33 152
80 34 151
80 35 150
80 36 149
80 37 148
80 38 147
80 39 146
80 40 145
80 41 144
80 42 143
80 43 142
80 44 141
80 45 140
80 46 139
80 47 138
80 48 137
80 49 136
80 50 135
80 51 134
80 52 133
80 53 132
80 54 131
80 55 130
80 56 129
80 57 128
80 58 127
80 59 126
80 60 125
80 61 124
80 62 123
80 63 122
80 64 121
80 65 120
80 66 119
80 67 118
80 68 117
80 69 116
80 70 115
80 71 114
80 72 113
80 73 112
80 74 111
80 75 110
80 76 109
80 77 108
80 78 107
80 79 106
80 80 105
80 81 104
80 82 103
80 83 102
80 84 101
80 85 100
80 86 99
80 87 98
80 88 97
80 89 96
80 90 95
80 91 94
80 92 93
80 93 92
80 94 91
80 95 90
80 96 89
80 97 88
80 98 87
80 99 86
80 100 85
80 101 84
80 102 83
80 103 82
80 104 81
80 105 80
80 106 79
80 107 78
80 108 77
80 109 76
80 110 75
80 111 74
80 112 73
80 113 72
80 114 71
80 115 70
80 116 69
80 117 68
80 118 67
80 119 66
80 120 65
80 121 64
80 122 63
80 123 62
80 124 61
80 125 60
80 126 59
80 127 58
80 128 57
80 129 56
80 130 55
80 131 54
80 132 53
80 133 52
80 134 51
80 135 50
80 136 49
80 137 48
80 138 47
80 139 46
80 140 45
80 141 44
80 142 43
80 143 42
80 144 41
80 145 40
80 146 39
80 147 38
80 148 37
80 149 36
80 150 35
80 151 34
80 152 33
80 153 32
80 154 31
80 155 30
80 156 29
80 157 28
80 158 27
80 159 26
80 160 25
80 161 24
80 162 23
80 163 22
80 164 21
80 165 20
80 166 19
80 167 18
80 168 17
80 169 16
80 170 15
80 171 14
80 172 13
80 173 12
80 174 11
80 175 10
80 176 9
80 177 8
80 178 7
80 179 6
80 180 5
80 181 4
80 182 3
80 183 2
80 184 1
80 185 0
85 1 187
85 2 186
85 3 185
85 4 184
85 5 183
85 6 182
85 7 181
85 8 180
85 9 179
85 10 178
85 11 177
85 12 176
85 13 175
85 14 174
85 15 173
85 16 172
85 17 171
85 18 170
85 19 169
85 20 168
85 21 167
85 22 166
85 23 165
85 24 164
85 25 163
85 26 162
85 27 161
85 28 160
85 29 159
85 30 158
85 31 157
85 32 156
85 33 155
85 34 154
85 35 153
85 36 152
85 37 151
85 38 150
85 39 149
85 40 148
85 41 147
85 42 146
85 43 145
85 44 144
85 45 143
85 46 142
85 47 141
85 48 140
85 49 139
85 50 138
85 51 137
85 52 136
85 53 135
85 54 134
85 55 133
85 56 132
85 57 131
85 58 130
85 59 129
85 60 128
85 61 127
85 62 126
85 63 125
85 64 124
85 65 123
85 66 122
85 67 121
85 68 120
85 69 119
85 70 118
85 71 117
85 72 116
85 73 115
85 74 114
85 75 113
85 76 112
85 77 111
85 78 110
85 79 109
85 80 108
85 81 107
85 82 106
85 83 105
85 84 104
85 85 103
85 86 102
85 87 101
85 88 100
85 89 99
85 90 98
85 91 97
85 92 96
85 93 95
85 94 94
85 95 93
85 96 92
85 97 91
85 98 90
85 99 89
85 100 88
85 101 87
85 102 86
85 103 85
85 104 84
85 105 83
85 106 82
85 107 81
85 108 80
85 109 79
85 110 78
85 111 77
85 112 76
85 113 75
85 114 74
85 115 73
85 116 72
85 117 71
85 118 70
85 119 69
85 120 68
85 121 67
85 122 66
85 123 65
85 124 64
85 125 63
85 126 62
85 127 61
85 128 60
85 129 59
85 130 58
85 131 57
85 132 56
85 133 55
85 134 54
85 135 53
85 136 52
85 137 51
85 138 50
85 139 49
85 140 48
85 141 47
85 142 46
85 143 45
85 144 44
85 145 43
85 146 42
85 147 41
85 148 40
85 149 39
85 150 38
85 151 37
85 152 36
85 153 35
85 154 34
85 155 33
85 156 32
85 157 31
85 158 30
85 159 29
85 160 28
85 161 27
85 162 26
85 163 25
85 164 24
85 165 23
85 166 22
85 167 21
85 168 20
85 169 19
85 170 18
85 171 17
85 172 16
85 173 15
85 174 14
85 175 13
85 176 12
85 177 11
85 178 10
85 179 9
85 180 8
85 181 7
85 182 6
85 183 5
85 184 4
85 185 3
85 186 2
85 187 1
85 188 0
87 1 177
87 2 176
87 3 175
87 4 174
87 5 173
87 6 172
87 7 171
87 8 170
87 9 169
87 10 168
87 11 167
87 12 166
87 13 165
87 14 164
87 15 163
87 16 162
87 17 161
87 18 160
87 19 159
87 20 158
87 21 157
87 22 156
87 23 155
87 24 154
87 25 153
87 26 152
87 27 151
87 28 150
87 29 149
87 30 148
87 31 147
87 32 146
87 33 145
87 34 144
87 35 143
87 36 142
87 37 141
87 38 140
87 39 139
87 40 138
87 41 137
87 42 136
87 43 135
87 44 134
87 45 133
87 46 132
87 47 131
87 48 130
87 49 129
87 50 128
87 51 127
87 52 126
87 53 125
87 54 124
87 55 123
87 56 122
87 57 121
87 58 120
87 59 119
87 60 118
87 61 117
87 62 116
87 63 115
87 64 114
87 65 113
87 66 112
87 67 111
87 68 110
87 69 109
87 70 108
87 71 107
87 72 106
87 73 105
87 74 104
87 75 103
87 76 102
87 77 101
87 78 100
87 79 99
87 80 98
87 81 97
87 82 96
87 83 95
87 84 94
87 85 93
87 86 92
87 87 91
87 88 90
87 89 89
87 90 88
87 91 87
87 92 86
87 93 85
87 94 84
87 95 83
87 96 82
87 97 81
87 98 80
87 99 79
87 100 78
87 101 77
87 102 76
87 103 75
87 104 74
87 105 73
87 106 72
87 107 71
87 108 70
87 109 69
87 110 68
87 111 67
87 112 66
87 113 65
87 114 64
87 115 63
87 116 62
87 117 61
87 118 60
87 119 59
87 120 58
87 121 57
87 122 56
87 123 55
87 124 54
87 125 53
87 126 52
87 127 51
87 128 50
87 129 49
87 130 48
87 131 47
87 132 46
87 133 45
87 134 44
87 135 43
87 136 42
87 137 41
87 138 40
87 139 39
87 140 38
87 141 37
87 142 36
87 143 35
87 144 34
87 145 33
87 146 32
87 147 31
87 148 30
87 149 29
87 150 28
87 151 27
87 152 26
87 153 25
87 154 24
87 155 23
87 156 22
87 157 21
87 158 20
87 159 19
87 160 18
87 161 17
87 162 16
87 163 15
87 164 14
87 165 13
87 166 12
87 167 11
87 168 10
87 169 9
87 170 8
87 171 7
87 172 6
87 173 5
87 174 4
87 175 3
87 176 2
87 177 1
87 178 0
90 1 153
90 2 152
90 3 151
90 4 150
90 5 149
90 6 148
90 7 147
90 8 146
90 9 145
90 10 144
90 11 143
90 12 142
90 13 141
90 14 140
90 15 139
90 16 138
90 17 137
90 18 136
90 19 135
90 20 134
90 21 133
90 22 132
90 23 131
90 24 130
90 25 129
90 26 128
90 27 127
90 28 126
90 29 125
90 30 124
90 31 123
90 32 122
90 33 121
90 34 120
90 35 119
90 36 118
90 37 117
90 38 116
90 39 115
90 40 114
90 41 113
90 42 112
90 43 111
90 44 110
90 45 109
90 46 108
90 47 107
90 48 106
90 49 105
90 50 104
90 51 103
90 52 102
90 53 101
90 54 100
90 55 99
90 56 98
90 57 97
90 58 96
90 59 95
90 60 94
90 61 93
90 62 92
90 63 91
90 64 90
90 65 89
90 66 88
90 67 87
90 68 86
90 69 85
90 70 84
90 71 83
90 72 82
90 73 81
90 74 80
90 75 79
90 76 78
90 77 77
90 78 76
90 79 75
90 80 74
90 81 73
90 82 72
90 83 71
90 84 70
90 85 69
90 86 68
90 87 67
90 88 66
90 89 65
90 90 64
90 91 63
90 92 62
90 93 61
90 94 60
90 95 59
90 96 58
90 97 57
90 98 56
90 99 55
90 100 54
90 101 53
90 102 52
90 103 51
90 104 50
90 105 49
90 106 48
90 107 47
90 108 46
90 109 45
90 110 44
90 111 43
90 112 42
90 113 41
90 114 40
90 115 39
90 116 38
90 117 37
90 118 36
90 119 35
90 120 34
90 121 33
90 122 32
90 123 31
90 124 30
90 125 29
90 126 28
90 127 27
90 128 26
90 129 25
90 130 24
90 131 23
90 132 22
90 133 21
90 134 20
90 135 19
90 136 18
90 137 17
90 138 16
90 139 15
90 140 14
90 141 13
90 142 12
90 143 11
90 144 10
90 145 9
90 146 8
90 147 7
90 148 6
90 149 5
90 150 4
90 151 3
90 152 2
90 153 1
90 154 0
91 1 134
91 2 133
91 3 132
91 4 131
91 5 130
91 6 129
91 7 128
91 8 127
91 9 126
91 10 125
91 11 124
91 12 123
91 13 122
91 14 121
91 15 120
91 16 119
91 17 118
91 18 117
91 19 116
91 20 115
91 21 114
91 22 113
91 23 112
91 24 111
91 25 110
91 26 109
91 27 108
91 28 107
91 29 106
91 30 105
91 31 104
91 32 103
91 33 102
91 34 101
91 35 100
91 36 99
91 37 98
91 38 97
91 39 96
91 40 95
91 41 94
91 42 93
91 43 92
91 44 91
91 45 90
91 46 89
91 47 88
91 48 87
91 49 86
91 50 85
91 51 84
91 52 83
91 53 82
91 54 81
91 55 80
91 56 79
91 57 78
91 58 77
91 59 76
91 60 75
91 61 74
91 62 73
91 63 72
91 64 71
91 65 70
91 66 69
91 67 68
91 68 67
91 69 66
91 70 65
91 71 64
91 72 63
91 73 62
91 74 61
91 75 60
91 76 59
91 77 58
91 78 57
91 79 56
91 80 55
91 81 54
91 82 53
91 83 52
91 84 51
91 85 50
91 86 49
91 87 48
91 88 47
91 89 46
91 90 45
91 91 44
91 92 43
91 93 42
91 94 41
91 95 40
91 96 39
91 97 38
91 98 37
91 99 36
91 100 35
91 101 34
91 102 33
91 103 32
91 104 31
91 105 30
91 106 29
91 107 28
91 108 27
91 109 26
91 110 25
91 111 24
91 112 23
91 113 22
91 114 21
91 115 20
91 116 19
91 117 18
91 118 17
91 119 16
91 120 15
91 121 14
91 122 13
91 123 12
91 124 11
91 125 10
91 126 9
91 127 8
91 128 7
91 129 6
91 130 5
91 131 4
91 132 3
91 133 2
91 134 1
91 135 0
93 1 154
93 2 153
93 3 152
93 4 151
93 5 150
93 6 149
93 7 148
93 8 147
93 9 146
93 10 145
93 11 144
93 12 143
93 13 142
93 14 141
93 15 140
93 16 139
93 17 138
93 18 137
93 19 136
93 20 135
93 21 134
93 22 133
93 23 132
93 24 131
93 25 130
93 26 129
93 27 128
93 28 127
93 29 126
93 30 125
93 31 124
93 32 123
93 33 122
93 34 121
93 35 120
93 36 119
93 37 118
93 38 117
93 39 116
93 40 115
93 41 114
93 42 113
93 43 112
93 44 111
93 45 110
93 46 109
93 47 108
93 48 107
93 49 106
93 50 105
93 51 104
93 52 103
93 53 102
93 54 101
93 55 100
93 56 99
93 57 98
93 58 97
93 59 96
93 60 95
93 61 94
93 62 93
93 63 92
93 64 91
93 65 90
93 66 89
93 67 88
93 68 87
93 69 86
93 70 85
93 71 84
93 72 83
93 73 82
93 74 81
93 75 80
93 76 79
93 77 78
93 78 77
93 79 76
93 80 75
93 81 74
93 82 73
93 83 72
93 84 71
93 85 70
93 86 69
93 87 68
93 88 67
93 89 66
93 90 65
93 91 64
93 92 63
93 93 62
93 94 61
93 95 60
93 96 59
93 97 58
93 98 57
93 99 56
93 100 55
93 101 54
93 102 53
93 103 52
93 104 51
93 105 50
93 106 49
93 107 48
93 108 47
93 109 46
93 110 45
93 111 44
93 112 43
93 113 42
93 114 41
93 115 40
93 116 39
93 117 38
93 118 37
93 119 36
93 120 35
93 121 34
93 122 33
93 123 32
93 124 31
93 125 30
93 126 29
93 127 28
93 128 27
93 129 26
93 130 25
93 131 24
93 132 23
93 133 22
93 134 21
93 135 20
93 136 19
93 137 18
93 138 17
93 139 16
93 140 15
93 141 14
93 142 13
93 143 12
93 144 11
93 145 10
93 146 9
93 147 8
93 148 7
93 149 6
93 150 5
93 151 4
93 152 3
93 153 2
93 154 1
93 155 0
97 1 201
97 2 200
97 3 199
97 4 198
97 5 197
97 6 196
97 7 195
97 8 194
97 9 193
97 10 192
97 11 191
97 12 190
97 13 189
97 14 188
97 15 187
97 16 186
97 17 185
97 18 184
97 19 183
97 20 182
97 21 181
97 22 180
97 23 179
97 24 178
97 25 177
97 26 176
97 27 175
97 28 174
97 29 173
97 30 172
97 31 171
97 32 170
97 33 169
97 34 168
97 35 167
97 36 166
97 37 165
97 38 164
97 39 163
97 40 162
97 41 161
97 42 160
97 43 159
97 44 158
97 45 157
97 46 156
97 47 155
97 48 154
97 49 153
97 50 152
97 51 151
97 52 150
97 53 149
97 54 148
97 55 147
97 56 146
97 57 145
97 58 144
97 59 143
97 60 142
97 61 141
97 62 140
97 63 139
97 64 138
97 65 137
97 66 136
97 67 135
97 68 134
97 69 133
97 70 132
97 71 131
97 72 130
97 73 129
97 74 128
97 75 127
97 76 126
97 77 125
97 78 124
97 79 123
97 80 122
97 81 121
97 82 120
97 83 119
97 84 118
97 85 117
97 86 116
97 87 115
97 88 114
97 89 113
97 90 112
97 91 111
97 92 110
97 93 109
97 94 108
97 95 107
97 96 106
97 97 105
97 98 104
97 99 103
97 100 102
97 101 101
97 102 100
97 103 99
97 104 98
97 105 97
97 106 96
97 107 95
97 108 94
97 109 93
97 110 92
97 111 91
97 112 90
97 113 89
97 114 88
97 115 87
97 116 86
97 117 85
97 118 84
97 119 83
97 120 82
97 121 81
97 122 80
97 123 79
97 124 78
97 125 77
97 126 76
97 127 75
97 128 74
97 129 73
97 130 72
97 131 71
97 132 70
97 133 69
97 134 68
97 135 67
97 136 66
97 137 65
97 138 64
97 139 63
97 140 62
97 141 61
97 142 60
97 143 59
97 144 58
97 145 57
97 146 56
97 147 55
97 148 54
97 149 53
97 150 52
97 151 51
97 152 50
97 153 49
97 154 48
97 155 47
97 156 46
97 157 45
97 158 44
97 159 43
97 160 42
97 161 41
97 162 40
97 163 39
97 164 38
97 165 37
97 166 36
97 167 35
97 168 34
97 169 33
97 170 32
97 171 31
97 172 30
97 173 29
97 174 28
97 175 27
97 176 26
97 177 25
97 178 24
97 179 23
97 180 22
97 181 21
97 182 20
97 183 19
97 184 18
97 185 17
97 186 16
97 187 15
97 188 14
97 189 13
97 190 12
97 191 11
97 192 10
97 193 9
97 194 8
97 195 7
97 196 6
97 197 5
97 198 4
97 199 3
97 200 2
97 201 1
97 202 0
98 1 155
98 2 154
98 3 153
98 4 152
98 5 151
98 6 150
98 7 149
98 8 148
98 9 147
98 10 146
98 11 145
98 12 144
98 13 143
98 14 142
98 15 141
98 16 140
98 17 139
98 18 138
98 19 137
98 20 136
98 21 135
98 22 134
98 23 133
98 24 132
98 25 131
98 26 130
98 27 129
98 28 128
98 29 127
98 30 126
98 31 125
98 32 124
98 33 123
98 34 122
98 35 121
98 36 120
98 37 119
98 38 118
98 39 117
98 40 116
98 41 115
98 42 114
98 43 113
98 44 112
98 45 111
98 46 110
98 47 109
98 48 108
98 49 107
98 50 106
98 51 105
98 52 104
98 53 103
98 54 102
98 55 101
98 56 100
98 57 99
98 58 98
98 59 97
98 60 96
98 61 95
98 62 94
98 63 93
98 64 92
98 65 91
98 66 90
98 67 89
98 68 88
98 69 87
98 70 86
98 71 85
98 72 84
98 73 83
98 74 82
98 75 81
98 76 80
98 77 79
98 78 78
98 79 77
98 80 76
98 81 75
98 82 74
98 83 73
98 84 72
98 85 71
98 86 70
98 87 69
98 88 68
98 89 67
98 90 66
98 91 65
98 92 64
98 93 63
98 94 62
98 95 61
98 96 60
98 97 59
98 98 58
98 99 57
98 100 56
98 101 55
98 102 54
98 103 53
98 104 52
98 105 51
98 106 50
98 107 49
98 108 48
98 109 47
98 110 46
98 111 45
98 112 44
98 113 43
98 114 42
98 115 41
98 116 40
98 117 39
98 118 38
98 119 37
98 120 36
98 121 35
98 122 34
98 123 33
98 124 32
98 125 31
98 126 30
98 127 29
98 128 28
98 129 27
98 130 26
98 131 25
98 132 24
98 133 23
98 134 22
98 135 21
98 136 20
98 137 19
98 138 18
98 139 17
98 140 16
98 141 15
98 142 14
98 143 13
98 144 12
98 145 11
98 146 10
98 147 9
98 148 8
98 149 7
98 150 6
98 151 5
98 152 4
98 153 3
98 154 2
98 155 1
98 156 0
99 1 184
99 2 183
99 3 182
99 4 181
99 5 180
99 6 179
99 7 178
99 8 177
99 9 176
99 10 175
99 11 174
99 12 173
99 13 172
99 14 171
99 15 170
99 16 169
99 17 168
99 18 167
99 19 166
99 20 165
99 21 164
99 22 163
99 23 162
99 24 161
99 25 160
99 26 159
99 27 158
99 28 157
99 29 156
99 30 155
99 31 154
99 32 153
99 33 152
99 34 151
99 35 150
99 36 149
99 37 148
99 38 147
99 39 146
99 40 145
99 41 144
99 42 143
99 43 142
99 44 141
99 45 140
99 46 139
99 47 138
99 48 137
99 49 136
99 50 135
99 51 134
99 52 133
99 53 132
99 54 131
99 55 130
99 56 129
99 57 128
99 58 127
99 59 126
99 60 125
99 61 124
99 62 123
99 63 122
99 64 121
99 65 120
99 66 119
99 67 118
99 68 117
99 69 116
99 70 115
99 71 114
99 72 113
99 73 112
99 74 111
99 75 110
99 76 109
99 77 108
99 78 107
99 79 106
99 80 105
99 81 104
99 82 103
99 83 102
99 84 101
99 85 100
99 86 99
99 87 98
99 88 97
99 89 96
99 90 95
99 91 94
99 92 93
99 93 92
99 94 91
99 95 90
99 96 89
99 97 88
99 98 87
99 99 86
99 100 85
99 101 84
99 102 83
99 103 82
99 104 81
99 105 80
99 106 79
99 107 78
99 108 77
99 109 76
99 110 75
99 111 74
99 112 73
99 113 72
99 114 71
99 115 70
99 116 69
99 117 68
99 118 67
99 119 66
99 120 65
99 121 64
99 122 63
99 123 62
99 124 61
99 125 60
99 126 59
99 127 58
99 128 57
99 129 56
99 130 55
99 131 54
99 132 53
99 133 52
99 134 51
99 135 50
99 136 49
99 137 48
99 138 47
99 139 46
99 140 45
99 141 44
99 142 43
99 143 42
99 144 41
99 145 40
99 146 39
99 147 38
99 148 37
99 149 36
99 150 35
99 151 34
99 152 33
99 153 32
99 154 31
99 155 30
99 156 29
99 157 28
99 158 27
99 159 26
99 160 25
99 161 24
99 162 23
99 163 22
99 164 21
99 165 20
99 166 19
99 167 18
99 168 17
99 169 16
99 170 15
99 171 14
99 172 13
99 173 12
99 174 11
99 175 10
99 176 9
99 177 8
99 178 7
99 179 6
99 180 5
99 181 4
99 182 3
99 183 2
99 184 1
99 185 0
100 1 199
100 2 198
100 3 197
100 4 196
100 5 195
100 6 194
100 7 193
100 8 192
100 9 191
100 10 190
100 11 189
100 12 188
100 13 187
100 14 186
100 15 185
100 16 184
100 17 183
100 18 182
100 19 181
100 20 180
100 21 179
100 22 178
100 23 177
100 24 176
100 25 175
100 26 174
100 27 173
100 28 172
100 29 171
100 30 170
100 31 169
100 32 168
100 33 167
100 34 166
100 35 165
100 36 164
100 37 163
100 38 162
100 39 161
100 40 160
100 41 159
100 42 158
100 43 157
100 44 156
100 45 155
100 46 154
100 47 153
100 48 152
100 49 151
100 50 150
100 51 149
100 52 148
100 53 147
100 54 146
100 55 145
100 56 144
100 57 143
100 58 142
100 59 141
100 60 140
100 61 139
100 62 138
100 63 137
100 64 136
100 65 135
100 66 134
100 67 133
100 68 132
100 69 131
100 70 130
100 71 129
100 72 128
100 73 127
100 74 126
100 75 125
100 76 124
100 77 123
100 78 122
100 79 121
100 80 120
100 81 119
100 82 118
100 83 117
100 84 116
100 85 115
100 86 114
100 87 113
100 88 112
100 89 111
100 90 110
100 91 109
100 92 108
100 93 107
100 94 106
100 95 105
100 96 104
100 97 103
100 98 102
100 99 101
100 100 100
100 101 99
100 102 98
100 103 97
100 104 96
100 105 95
100 106 94
100 107 93
100 108 92
100 109 91
100 110 90
100 111 89
100 112 88
100 113 87
100 114 86
100 115 85
100 116 84
100 117 83
100 118 82
100 119 81
100 120 80
100 121 79
100 122 78
100 123 77
100 124 76
100 125 75
100 126 74
100 127 73
100 128 72
100 129 71
100 130 70
100 131 69
100 132 68
100 133 67
100 134 66
100 135 65
100 136 64
100 137 63
100 138 62
100 139 61
100 140 60
100 141 59
100 142 58
100 143 57
100 144 56
100 145 55
100 146 54
100 147 53
100 148 52
100 149 51
100 150 50
100 151 49
100 152 48
100 153 47
100 154 46
100 155 45
100 156 44
100 157 43
100 158 42
100 159 41
100 160 40
100 161 39
100 162 38
100 163 37
100 164 36
100 165 35
100 166 34
100 167 33
100 168 32
100 169 31
100 170 30
100 171 29
100 172 28
100 173 27
100 174 26
100 175 25
100 176 24
100 177 23
100 178 22
100 179 21
100 180 20
100 181 19
100 182 18
100 183 17
100 184 16
100 185 15
100 186 14
100 187 13
100 188 12
100 189 11
100 190 10
100 191 9
100 192 8
100 193 7
100 194 6
100 195 5
100 196 4
100 197 3
100 198 2
100 199 1
100 200 0
