1.219317762169393120e+02
1.177152901614464326e+02
7.500457366565137818e+01
8.498153222148008012e+01
9.295084034251024718e+01
8.555179544501999089e+01
5.976596156842606433e+01
5.701553415262151248e+01
1.115842483163212933e+02
4.289449243897703923e+01
9.759121299659824444e+01
3.028828983720219981e+01
4.051139524250271506e+01
1.150400534349083159e+02
1.013461146666680293e+02
8.218500033235869751e+01
5.623382803220752635e+01
7.355803612863053331e+01
7.368296345835562988e+01
5.278612452075503825e+01
6.534994597508759284e+01
1.199920608763235066e+02
7.207105533103361950e+01
4.781546327922464457e+01
1.109620348566312487e+02
1.003039195892726241e+02
7.214687156339368812e+01
6.208049567671886848e+01
5.363798115254402887e+01
6.679045700445675493e+01
4.629303007452475072e+01
6.619905668686908484e+01
1.114270277825038136e+02
4.237172768089851616e+01
4.171051816555143432e+01
7.638900537077594777e+01
8.075325307602773250e+01
7.745391900995227275e+01
1.199385157127237278e+02
7.196702490592173262e+01
7.927776743472844601e+01
6.817118144006803959e+01
5.497417080110511733e+01
1.118990485017398839e+02
6.455551013043151443e+01
6.585761424739212089e+01
1.031036811408069980e+02
9.802125915480561957e+01
-6.482381383438223565e+00
1.026843321108794100e+02
6.646389140650177296e+01
4.527573303172081864e+01
5.987022697132096027e+01
7.762035499533249094e+01
8.331062732315078279e+01
7.198166930594638302e+01
5.860309913442893048e+01
5.434020434228199292e+01
9.229432894032632362e+01
6.692514895274157993e+01
6.392914478709008108e+01
2.575537056912207845e+01
6.254001303340783124e+01
5.610514715745082981e+01
1.007148585599722139e+02
6.568687395042127264e+01
1.022528486198563371e+02
4.968783751302271412e+01
1.116008969495732117e+02
6.565517715512132213e+01
1.051341194996498416e+02
7.123037075054622846e+01
8.542582490721815702e+01
6.937576860651302013e+01
9.731123215847449615e+01
4.098744984517429657e+01
6.088191482044777558e+01
1.016044002418006471e+02
8.960366975675876233e+01
7.144080445897708387e+01
3.785970330633398362e+01
6.286450471522095995e+01
1.027530955840602473e+02
5.293857419611549631e+01
1.244926657681406539e+02
8.534258657800057790e+01
1.138427571199429735e+02
1.048457672006582868e+02
4.985582723111821224e+01
6.755851816159091072e+01
2.242808691778424190e+01
6.619184395375867780e+01
1.701105663780487021e+01
7.291733145750760059e+01
9.572224234550049005e+01
9.086598090452559973e+01
7.125856782319584681e+01
7.955518106886756868e+01
8.940264973785781422e+01
4.090100808583730441e+01
