1.240062253958625433e+02
1.164598110265670527e+02
7.537528722764488975e+01
8.694673748668640201e+01
9.168670244798607882e+01
8.536734972858070591e+01
5.883896588408009620e+01
5.612609454072318727e+01
1.092772434059888269e+02
4.327075397586756367e+01
9.735170670126305481e+01
3.136684452388635691e+01
4.123940162532437625e+01
1.132207236669326846e+02
1.012208857278872927e+02
8.076412798049145181e+01
5.578205535328299902e+01
7.374766592480821714e+01
7.041930920210734257e+01
5.079123135058506477e+01
6.298059897579028643e+01
1.183695712886502918e+02
7.256678796611518578e+01
4.652357504060279325e+01
1.144474415003569732e+02
1.022825939833453504e+02
7.128163865003182309e+01
5.948799353631110876e+01
5.368360291588547284e+01
6.776143023049331759e+01
4.603672644157731497e+01
6.615312064989456076e+01
1.133459208154326632e+02
4.083284508809160229e+01
4.083211455504107334e+01
7.539058713243130683e+01
8.121906847138291141e+01
7.713038211747237938e+01
1.213291540631548173e+02
7.119736976785839033e+01
7.821332376489323224e+01
6.676635094290861616e+01
5.331154903815811963e+01
1.111099825017823264e+02
6.321009525019965736e+01
6.525121614372889667e+01
1.035918215369792961e+02
9.861033093490169676e+01
-8.020714701366102872e+00
1.019100593424941792e+02
6.743589140398921700e+01
4.434382478605138544e+01
5.840463388458761074e+01
7.737428676524231719e+01
8.269662789187992757e+01
7.223022946222695850e+01
5.813170191252189056e+01
5.348139293031002239e+01
9.086404479160532333e+01
6.660967007566947018e+01
6.330150524532663781e+01
2.377110233034150610e+01
6.198454322691608809e+01
5.678295581008757154e+01
1.015183051907425522e+02
6.549082441249350950e+01
1.027492237476363641e+02
4.862508698585330080e+01
1.120946770473011043e+02
6.324779176799006564e+01
1.044432486145713597e+02
7.207531735796621319e+01
8.384377470317920711e+01
6.941605581474863129e+01
9.645423174021431123e+01
3.964518153858571736e+01
6.008493503660852753e+01
1.011001580477537800e+02
8.822346843607425626e+01
7.070836384087169790e+01
3.645139207254246116e+01
6.022645641514932890e+01
1.018380494955662243e+02
5.278141891708892786e+01
1.227773488359770511e+02
8.436560055806290848e+01
1.101581808304610206e+02
1.035982199597608826e+02
4.987411427677224651e+01
6.692240558239802795e+01
2.331161931648813379e+01
6.566552388291418652e+01
1.656487456757548671e+01
7.269455360807458533e+01
9.484157620967590674e+01
9.072204266858173582e+01
7.346822464663560481e+01
7.866312441593800031e+01
8.943378203061843124e+01
3.966832911331152900e+01
