1.241049521731295897e+02
1.183581073185092123e+02
7.645657556024988821e+01
8.611337868214297941e+01
9.330155298725188118e+01
8.553474658230146588e+01
5.989559564651244727e+01
5.709529853978571623e+01
1.106046655671472934e+02
4.423813630097910732e+01
9.879558666075593010e+01
3.190509497309034259e+01
4.082984051749949117e+01
1.139552751283406167e+02
1.019420367229975852e+02
8.200241260277104516e+01
5.580511918988921138e+01
7.343510220986553350e+01
7.310146297097227830e+01
5.221289143165842006e+01
6.411576435685802267e+01
1.231411501135230253e+02
7.516738988806031330e+01
4.666224765787202955e+01
1.137877641322729119e+02
1.024599467554508578e+02
7.190355421296328586e+01
6.236729265575220893e+01
5.308734856311232875e+01
6.734917240684976036e+01
4.825116838821901410e+01
6.707009093369504171e+01
1.138516941910173443e+02
4.226203553443454553e+01
4.172892707238190724e+01
7.629446999047371492e+01
7.988934037090811557e+01
7.809316664485697856e+01
1.232469834054838316e+02
7.061441332479057564e+01
7.882586502431377085e+01
6.950428607717151408e+01
5.409602989415674301e+01
1.133865431710284781e+02
6.455810899710178319e+01
6.566626664221035981e+01
1.034185393052871689e+02
1.001813690019008050e+02
-5.951057140940463341e+00
1.037172723093522393e+02
6.742519691232908485e+01
4.480008126575054916e+01
5.895510681502241823e+01
7.757647528184540420e+01
8.452871600958926024e+01
7.250420454477693966e+01
5.960726589764644245e+01
5.447352509562782075e+01
9.148721657870910917e+01
6.619742251997607241e+01
6.373041792296663743e+01
2.441853114906029987e+01
6.308636915198374595e+01
5.574437820404696708e+01
1.022317849886067052e+02
6.648667146111853299e+01
1.012842143114532689e+02
4.993416521077534753e+01
1.108697496100526507e+02
6.637098841506249869e+01
1.077383826648928959e+02
7.228846662598053285e+01
8.606384970907532761e+01
6.984475538151895080e+01
9.665620918617608481e+01
4.084477198533906517e+01
6.124193987061514122e+01
1.007538993106764735e+02
8.910449150611017899e+01
7.182891914227801067e+01
3.769140815923051946e+01
6.254233948263336629e+01
1.029881178423869414e+02
5.343531367791209163e+01
1.201574740190763180e+02
8.598651989928873718e+01
1.130681722376569951e+02
1.070025566683003433e+02
4.985504228192633036e+01
6.659844697521913304e+01
2.292531647186791588e+01
6.577574034010345372e+01
1.568205981398176618e+01
7.178934593857943014e+01
9.560058230249561007e+01
9.239595298486895558e+01
7.169990970929407581e+01
7.931232131673888830e+01
8.936939393832230394e+01
4.002825148283457679e+01
