1.178967526965912782e+02
1.112440930964085055e+02
7.043227428682163804e+01
8.106503243763151545e+01
8.814623146587379665e+01
7.937788806125794849e+01
5.435174529361842133e+01
5.083308684658820198e+01
1.025068514966945088e+02
3.820457964661611072e+01
9.351523944421822421e+01
2.587239936038344013e+01
3.439855553353140749e+01
1.073774318147694657e+02
9.634584566814848472e+01
7.553706278316414569e+01
5.089419544485022584e+01
6.912988954551630627e+01
6.752690546970433161e+01
4.829293296536943103e+01
5.906228931504105617e+01
1.177646024823868345e+02
6.864730545233589964e+01
4.161767104136509943e+01
1.068995345944058784e+02
9.523084145362264508e+01
6.680902112120887182e+01
5.552488069692412864e+01
4.750681394684713155e+01
6.160204755166466839e+01
4.498794783803219843e+01
6.231879599326546781e+01
1.078909236897331425e+02
3.886077211647631202e+01
3.623540164323603108e+01
6.990495624838604272e+01
7.566448301535555743e+01
7.295661856263879486e+01
1.152258342015373671e+02
6.527045285218176218e+01
7.301842151534910386e+01
6.559439418195950111e+01
4.880398151127155870e+01
1.074971033054045790e+02
5.913313636970329412e+01
6.042848018149021527e+01
9.766917174797259804e+01
9.471817931893943410e+01
-9.945951916566627915e+00
9.787645719476685713e+01
6.086265744981704984e+01
3.932674648885284796e+01
5.357530836562355603e+01
7.216300987456460803e+01
7.818023013577288793e+01
6.716779337086094870e+01
5.296825637531614461e+01
4.939429656193118490e+01
8.511361350990318897e+01
6.070367564010601313e+01
5.892693028704519520e+01
1.842310475484305243e+01
5.739419890222004028e+01
5.126124202017516041e+01
9.687411304195575212e+01
6.134681979005765129e+01
9.474784607182081686e+01
4.588603369544276234e+01
1.048458264497188566e+02
6.150567008619776743e+01
1.010184056825794414e+02
6.647577024536988688e+01
7.971471295429100223e+01
6.477874610233385511e+01
9.089291142540668034e+01
3.593144105976449509e+01
5.656638994830532852e+01
9.484532658047834275e+01
8.188250856660067711e+01
6.650621479264958680e+01
3.319645850568670653e+01
5.819736360054551483e+01
9.547748665049695660e+01
4.705147848222620155e+01
1.129088143467929513e+02
7.988501881159595541e+01
1.044965305466148777e+02
1.001611547037558410e+02
4.311929033555477986e+01
6.112895500621027622e+01
1.749233431855682852e+01
6.105140162527510483e+01
1.008409873169225079e+01
6.584366600390569602e+01
9.068984117793223731e+01
8.609340565794937561e+01
6.632434036407084932e+01
7.410752335572141192e+01
8.234765564974418339e+01
3.489291358791547282e+01
