1.265199613821917524e+02
1.194440992720892041e+02
7.742024476652511566e+01
8.734460644716924094e+01
9.423348961199005203e+01
8.651815398362154497e+01
6.112911943409832816e+01
5.819129433034703425e+01
1.122773373410911120e+02
4.542753314459682201e+01
9.945252168227176526e+01
3.327848750738019135e+01
4.220912497868783930e+01
1.153412267306821093e+02
1.030256576933637973e+02
8.354054413351201447e+01
5.699236459387770992e+01
7.483256742406703665e+01
7.437591878805798729e+01
5.337640267585754827e+01
6.605710598239934939e+01
1.246404446863007252e+02
7.635164587550229953e+01
4.811687300873543904e+01
1.158413092914913420e+02
1.033905632853623899e+02
7.324802710643550085e+01
6.346554525679593439e+01
5.446484522279376961e+01
6.846608620847379711e+01
4.898487268994873034e+01
6.802552961687445077e+01
1.152559689036309578e+02
4.340292664361618336e+01
4.327898296134603129e+01
7.723177510682845082e+01
8.146866480373935815e+01
7.963063053065641839e+01
1.234507517475737188e+02
7.200279503849333196e+01
8.021192966226291787e+01
7.032142413911321910e+01
5.530740877304452852e+01
1.144185851312665250e+02
6.545923690873271994e+01
6.734717327534781361e+01
1.042681294821425979e+02
1.012038658661246870e+02
-5.096306499166985304e+00
1.041649012117326834e+02
6.854569194879647398e+01
4.582399771674155886e+01
6.034488202510698329e+01
7.891490416266813668e+01
8.576221068678464121e+01
7.355467109722033570e+01
6.082624225644221383e+01
5.596052974626849164e+01
9.353654216558831536e+01
6.788577169635271957e+01
6.507812006856030962e+01
2.567681705510938173e+01
6.418223575610758758e+01
5.754835948153694858e+01
1.038037468014710498e+02
6.793298206943197215e+01
1.026294683809850028e+02
5.103289971005889925e+01
1.123498993999643858e+02
6.742845103118563088e+01
1.087001373661107664e+02
7.352156565619472417e+01
8.743061810435420966e+01
7.090186502157240511e+01
9.807354765064414437e+01
4.203715604872880363e+01
6.250363107878175128e+01
1.023125475456495224e+02
9.070711084877049757e+01
7.303284416941443169e+01
3.862490328478341439e+01
6.362335765605138249e+01
1.043195237695964579e+02
5.456331056203950425e+01
1.215162258968409219e+02
8.717599804643776906e+01
1.142009703307953430e+02
1.070926837478179152e+02
5.108253284777927661e+01
6.767874555765351374e+01
2.421428879288953340e+01
6.682720949884264883e+01
1.730811825960023498e+01
7.333033835809789025e+01
9.599605923060991586e+01
9.361951319535401694e+01
7.311047886785820538e+01
8.094438145352432912e+01
9.096192186239895250e+01
4.096055942803468497e+01
