1.415904400703855401e+02
1.325180893087220113e+02
9.445528784902708708e+01
1.041248125194108241e+02
1.072201287099967431e+02
1.040354704231874905e+02
7.735410740616700309e+01
7.428189103696408324e+01
1.273186518570038572e+02
6.130005320045856365e+01
1.165084391795072918e+02
4.945111675309146904e+01
6.074380454244297312e+01
1.348344781207888161e+02
1.190747077055643501e+02
1.012982999122564536e+02
7.591443320250272109e+01
9.201469747007257638e+01
8.891375139755717782e+01
6.743156546751299629e+01
8.368724923417337891e+01
1.375689815876312423e+02
9.258320123552536529e+01
6.608001104574492501e+01
1.308141371901238017e+02
1.185554623340656804e+02
8.775310802681880773e+01
7.788697315654383146e+01
7.214275395763496590e+01
8.495665310539484949e+01
6.183724193081229714e+01
8.569934958953919590e+01
1.323392308338456473e+02
5.903536861222750076e+01
5.934760376235851709e+01
9.587861410439376186e+01
9.815302538892137818e+01
9.459330144884154379e+01
1.359614754881450835e+02
9.127562369528732233e+01
9.723299814609177361e+01
8.125346113865074926e+01
7.178626332658080855e+01
1.308441399567325618e+02
8.222726624417771291e+01
8.371809182361536728e+01
1.201669166950004239e+02
1.183590308012106220e+02
8.480138864156742784e+00
1.193418448435920425e+02
8.487367840120163009e+01
6.383429981789220165e+01
7.721472165109111074e+01
9.625114814258986939e+01
9.996945907150777089e+01
9.005759673804610088e+01
7.723925447487607698e+01
6.996551540346970910e+01
1.085617815472338066e+02
8.264281461407622942e+01
7.994728094518046646e+01
4.247258802071934269e+01
8.011919252812509740e+01
7.448175383995186394e+01
1.208693174104222408e+02
8.497653878467079380e+01
1.217929323109852930e+02
6.576870291519861667e+01
1.276279860709662444e+02
8.128302496187075121e+01
1.211323143142843151e+02
9.272052702189063211e+01
1.022229948784093665e+02
8.859202911251517776e+01
1.137534755221778937e+02
5.760278527094828860e+01
7.818094154960263609e+01
1.215777621467897802e+02
1.051541032119783949e+02
9.111974974805480088e+01
5.318100801219696905e+01
7.873400302898841119e+01
1.199245613694485257e+02
7.229266625988455530e+01
1.385026229283270709e+02
1.024621122858062279e+02
1.295287956758268137e+02
1.217249495100816432e+02
6.935809117233438315e+01
8.585076435589897415e+01
4.219484994016465862e+01
8.359701244809440368e+01
3.561603339541312607e+01
9.175238517269625049e+01
1.124419592221335904e+02
1.089441780540770139e+02
9.005785835191241517e+01
9.736077207571918279e+01
1.084475982566634684e+02
5.925496435949770557e+01
