1.450391231839938655e+02
1.356281599121233796e+02
9.737309319940288788e+01
1.070390492559845086e+02
1.102160884247309696e+02
1.072592255340435088e+02
8.021137148335859024e+01
7.714539801823289622e+01
1.312697166860798745e+02
6.457123389761812859e+01
1.192504231567372983e+02
5.225991060364276564e+01
6.332906490031399471e+01
1.377274454703281776e+02
1.216372452234720356e+02
1.042765859862020079e+02
7.873404607422725121e+01
9.475848394337884883e+01
9.204729622406722456e+01
6.927636141359008093e+01
8.661437690933115618e+01
1.403363724165661495e+02
9.532837930288252437e+01
6.871676647022164275e+01
1.340033808501257511e+02
1.218940372384938939e+02
9.056569484864738229e+01
8.128331555546131426e+01
7.500081644613769072e+01
8.830759470249489596e+01
6.384328749241274181e+01
8.862585232651002798e+01
1.356110223046820522e+02
6.087470331232390208e+01
6.214880495907192426e+01
9.810592411534841517e+01
1.007997080695170666e+02
9.778958888824675455e+01
1.400075560995528576e+02
9.448214155448030738e+01
9.986746542469572319e+01
8.346129309168685495e+01
7.452916455415225983e+01
1.337809047827902873e+02
8.497777957186988829e+01
8.697047833810842121e+01
1.232154315694455136e+02
1.213473764591912527e+02
1.052275556919312294e+01
1.224506952564268261e+02
8.779148942207504547e+01
6.675874850749809752e+01
7.982815838173655720e+01
9.952046241920231751e+01
1.028859493517097690e+02
9.251529774055421740e+01
8.018569061556951283e+01
7.251376732111054935e+01
1.114517271171981179e+02
8.586222347567320412e+01
8.216740687551867950e+01
4.517347385392821479e+01
8.296214726916022641e+01
7.698377505307487922e+01
1.243068159532500374e+02
8.778346833213933564e+01
1.242480574859070543e+02
6.845587973838701146e+01
1.315643968739139211e+02
8.427862058745108698e+01
1.247419954928573986e+02
9.522954157129490227e+01
1.049602406490272983e+02
9.141191410006581464e+01
1.163633600162388575e+02
5.979369331672802446e+01
8.051808462794267029e+01
1.242779687799981900e+02
1.088189567516790817e+02
9.393487618330948408e+01
5.524956361313354591e+01
8.075126519583321283e+01
1.225532215739648336e+02
7.483105871942476028e+01
1.417063360844248905e+02
1.053627481203382104e+02
1.325454811875524115e+02
1.246940362196699539e+02
7.214297210283322670e+01
8.846740588194185761e+01
4.446135675737565407e+01
8.613387360798563464e+01
3.862302057696757629e+01
9.434491549215280770e+01
1.150261634955728312e+02
1.115348210308291925e+02
9.300221715526606658e+01
9.979342948549953007e+01
1.118165844264075588e+02
6.221538684715147838e+01
