1.278664285342215408e+02
1.202295903662000285e+02
7.777503074445877473e+01
8.850133550771812452e+01
9.572798748046506034e+01
8.764556786709880498e+01
6.202046258833854608e+01
5.932140656925031408e+01
1.132385512772543734e+02
4.650374923686604234e+01
9.924787152311711225e+01
3.416662286344396193e+01
4.334405236254195870e+01
1.158801143808015297e+02
1.045503678865626966e+02
8.462467720079854416e+01
5.790773202192781355e+01
7.526771552214506755e+01
7.526202615242934257e+01
5.357293377069663620e+01
6.680797620346260146e+01
1.251297768927154834e+02
7.696142532203086262e+01
4.893287573416822056e+01
1.152670699550521363e+02
1.039756636398689693e+02
7.432727640103445310e+01
6.395156121203888233e+01
5.518562979315871075e+01
6.944061933432698197e+01
4.893146933962728440e+01
6.898474067373101093e+01
1.157413468052990311e+02
4.395203387700175313e+01
4.414277973246748843e+01
7.843767489056142495e+01
8.188545719882429808e+01
7.981675628154803803e+01
1.228636488825610513e+02
7.320036832413700267e+01
8.094754126310084530e+01
7.034071567333219832e+01
5.596033001193151790e+01
1.153433521510608273e+02
6.646661950503303729e+01
6.804848010171684791e+01
1.047328687557912303e+02
1.017880281082398710e+02
-5.130804916655620218e+00
1.047662438237062474e+02
6.929960217887790463e+01
4.699036944735681232e+01
6.099851116032212417e+01
7.984486834799844246e+01
8.656641022682842390e+01
7.438659443887380007e+01
6.108032975340128701e+01
5.666373230051797805e+01
9.378768418229367398e+01
6.888040687925848715e+01
6.533080473326688775e+01
2.644461922080142813e+01
6.522938387143619821e+01
5.863793677341220700e+01
1.051513971794012718e+02
6.843099777533564065e+01
1.031429364630486418e+02
5.104579439814497732e+01
1.132604159813222680e+02
6.800719338798572267e+01
1.095684149834505092e+02
7.392247526992912299e+01
8.748510098854333705e+01
7.238187496657269548e+01
9.840416570974423394e+01
4.247142414052726167e+01
6.305968037555652472e+01
1.038262286124160596e+02
9.152451636116421696e+01
7.389468502574649733e+01
3.854437868349157270e+01
6.395248839523577544e+01
1.053827581043553039e+02
5.591510649042484715e+01
1.217848819889648837e+02
8.738164972769496330e+01
1.145389899475045468e+02
1.076129718785916793e+02
5.237114780751505805e+01
6.850571865562082507e+01
2.538352687583028455e+01
6.750983662570467914e+01
1.830680852669445358e+01
7.489987761989195292e+01
9.650834792352847558e+01
9.412037158458693398e+01
7.384046813556403777e+01
8.132956491557348500e+01
9.169086860380605231e+01
4.169511860935438108e+01
