1.226573532724972324e+02
1.160584071096685364e+02
7.509537563845310615e+01
8.443723105652378536e+01
9.224129203648897146e+01
8.414281870287047127e+01
5.836876962248578593e+01
5.610556214852562107e+01
1.082140688718089336e+02
4.290481710670067628e+01
9.786684030969001924e+01
3.054988409527217641e+01
3.944373381273800305e+01
1.122973748127349722e+02
1.004230059891390567e+02
8.092830317961670517e+01
5.437662365472667148e+01
7.226251330277526108e+01
7.206531005374699816e+01
5.096104152117024455e+01
6.243459004011353386e+01
1.212424479275363467e+02
7.317991868703202840e+01
4.552386751899098272e+01
1.124310720583786178e+02
1.011068666529161533e+02
7.126441684622238881e+01
6.070997249974954002e+01
5.210169934889495380e+01
6.586262842556038777e+01
4.750927057144153309e+01
6.581840482720673435e+01
1.135188417996898238e+02
4.099013391744924206e+01
4.041061494226482864e+01
7.486826308558056553e+01
7.905826758101434848e+01
7.723724245119055354e+01
1.218414392168481868e+02
6.961347772363572517e+01
7.746629337922462355e+01
6.887998010142169392e+01
5.314894367268681208e+01
1.118460315483463603e+02
6.306994483910037275e+01
6.480897516786086499e+01
1.019815805711158418e+02
9.897626532601626081e+01
-7.055658561589723377e+00
1.013961440023886666e+02
6.599430241477639925e+01
4.363098291762977965e+01
5.759493557660186980e+01
7.629875084517411210e+01
8.327331600327178762e+01
7.155683099524591739e+01
5.803703324608451908e+01
5.289348797121317602e+01
9.066793051549572624e+01
6.524666934167828458e+01
6.232892858344348497e+01
2.304943735200888000e+01
6.183327462067038027e+01
5.504664131088526347e+01
1.010738851584266627e+02
6.485824006957855659e+01
1.003906793877814323e+02
4.891345441425153240e+01
1.095355510768476961e+02
6.538297111614340906e+01
1.058505479598260592e+02
7.103056736737170240e+01
8.402266379223399895e+01
6.937480442673870584e+01
9.568808249340966654e+01
3.954288171772844862e+01
6.019454304815883461e+01
9.966198899969819536e+01
8.769047479547435842e+01
7.071384403870086999e+01
3.622691573684826949e+01
6.124695086337644057e+01
1.007594406948584265e+02
5.161085740221099627e+01
1.188376923793871356e+02
8.436817000703584313e+01
1.110021101171194573e+02
1.050388974019442117e+02
4.870741504894485274e+01
6.502431582942105592e+01
2.165377112660985404e+01
6.471964257612839333e+01
1.432969164522484107e+01
7.076411849284303912e+01
9.414425656900417039e+01
9.100848682453133165e+01
7.089309765545743858e+01
7.851024702085234708e+01
8.766754801929050700e+01
3.906885137676925979e+01
