1.246861513616352397e+02
1.167461229524380997e+02
7.389587513438510769e+01
8.381698200662850695e+01
9.169695465735156858e+01
8.303258363931843178e+01
5.830841619224773353e+01
5.476795148554867865e+01
1.103238806039904603e+02
4.369699555551042636e+01
9.592913126584571160e+01
3.069043780143522326e+01
4.003927218278263922e+01
1.138107875204606501e+02
1.007600493482607931e+02
8.064401544210221573e+01
5.511999577135446771e+01
7.307903401122962350e+01
7.171432808318755292e+01
4.955287451511085806e+01
6.298590461208368652e+01
1.204262456181632501e+02
7.199309357936874676e+01
4.638107311946311029e+01
1.145692652197253096e+02
1.005458812889731632e+02
7.013977524766937677e+01
6.000316418384818462e+01
5.279826241651642249e+01
6.719662870596820881e+01
4.467539892630392728e+01
6.619574913278040640e+01
1.123554744189706298e+02
4.092710062399240201e+01
4.006239231105919885e+01
7.583313142881246449e+01
7.977447160389843361e+01
7.592913058210805843e+01
1.195386267546154215e+02
7.155484510481488769e+01
7.763510260942223340e+01
6.585430721452397052e+01
5.215543497450735799e+01
1.106864610124433170e+02
6.284681938980637028e+01
6.598002916124423223e+01
1.024416034000088302e+02
9.880149402677048442e+01
-8.494013863224040506e+00
1.023136004780631367e+02
6.670251284758612087e+01
4.431946292768537887e+01
5.735848872683621380e+01
7.742497689103450398e+01
8.269250103971904764e+01
7.158761523420793083e+01
5.867995694507402504e+01
5.223309919027661863e+01
9.248885610091625153e+01
6.554265480793492316e+01
6.216733008869022115e+01
2.424508305048613011e+01
6.185980600157421350e+01
5.496390779611149924e+01
1.004859197856044659e+02
6.486098387653183295e+01
1.008576217300481801e+02
4.775276350392817903e+01
1.096019092976315505e+02
6.356846316975534705e+01
1.058969767166510394e+02
7.113449024679172794e+01
8.512904666129887232e+01
6.942914740082579783e+01
9.353834864950889028e+01
3.931093751478525178e+01
5.869005828475354747e+01
1.009610241636879664e+02
8.826937762566339529e+01
7.136663997061938858e+01
3.518697189199843933e+01
6.051483620724602019e+01
1.016845524270153192e+02
5.203264994010120859e+01
1.222044364366406626e+02
8.373247267506937419e+01
1.121898257921537834e+02
1.040679275379684157e+02
4.940683020738626396e+01
6.623016769606897469e+01
2.300843454155318568e+01
6.401179805401449130e+01
1.641697654165540143e+01
7.202640287278265419e+01
9.427188697166491238e+01
9.082585320139591545e+01
7.216882922017470037e+01
7.762880839051953785e+01
8.951685833967198391e+01
3.945132413263380045e+01
